3.430549 
4.104034 
2.807714 
4.917955 
3.691005 
4.950792 
3.202139 
2.039754 
2.830281 
2.803234 
4.332741 
3.999801 
4.076745 
4.333942 
3.128059 
2.097004 
2.721440 
3.807076 
3.000036 
3.626219 
2.737971 
3.090690 
3.941803 
3.046113 
3.292633 
4.595039 
3.420657 
2.826917 
3.254855 
3.497867 
2.188018 
2.483773 
4.040941 
3.088613 
2.189326 
2.149261 
3.808845 
2.161154 
4.325150 
3.878668 
2.232642 
4.656234 
4.827175 
4.161851 
3.500763 
3.522890 
4.844899 
4.071455 
3.131131 
4.882975 
2.376973 
3.110307 
4.583852 
3.520928 
2.935398 
4.170424 
2.338617 
2.165997 
3.501778 
4.050398 
4.004991 
4.554372 
4.475306 
3.911890 
3.136772 
3.397290 
2.898875 
4.550624 
4.716032 
3.248897 
3.124749 
2.513123 
3.734149 
2.248760 
4.894739 
2.203076 
4.397436 
4.638498 
2.187185 
2.356078 
2.036554 
4.609106 
2.543353 
2.237634 
3.960158 
4.365518 
2.953465 
2.137258 
3.105022 
3.729072 
2.856618 
3.931954 
3.728726 
3.800151 
3.425260 
2.593845 
3.571019 
3.510275 
4.498843 
3.202092 
3.519239 
4.099582 
3.979134 
4.959929 
2.315618 
3.488943 
2.657957 
3.415873 
4.287392 
4.387223 
3.962336 
2.341521 
3.045504 
4.399587 
2.418673 
4.216320 
4.710879 
4.426398 
2.829153 
3.126759 
4.353520 
2.992675 
4.086370 
2.972937 
4.017096 
3.413847 
4.985209 
3.742075 
3.838145 
3.931932 
2.397315 
4.105341 
4.994071 
2.582221 
4.988226 
4.893096 
3.409880 
2.409160 
4.717734 
2.524401 
3.157066 
2.689675 
4.001944 
4.658991 
2.932875 
3.498905 
4.533001 
4.915869 
2.831122 
4.547179 
4.638813 
4.561358 
3.934902 
4.149494 
2.802232 
4.134722 
3.743541 
2.271698 
2.841287 
2.523532 
2.801517 
3.898457 
2.690468 
4.372069 
2.638334 
4.783739 
3.493661 
2.751189 
2.187980 
4.959952 
2.936990 
4.507211 
4.585108 
2.861018 
3.915687 
3.491383 
4.054050 
2.303950 
3.676413 
4.251171 
2.645246 
2.660808 
2.672558 
4.286020 
4.686469 
4.612228 
3.910334 
2.718939 
3.179634 
2.040960 
4.426812 
2.783533 
4.344979 
3.093680 
2.728316 
2.243953 
3.099957 
4.925125 
4.063673 
4.487183 
2.347726 
2.035933 
3.908225 
3.955233 
2.872613 
2.797594 
4.039911 
4.984698 
2.775344 
3.284051 
4.148787 
4.599260 
2.826640 
2.235868 
3.265149 
2.254822 
4.345060 
2.661091 
4.397904 
2.640172 
2.508987 
2.445189 
2.260957 
2.661943 
4.649176 
4.946184 
4.991110 
2.298927 
2.589140 
4.447591 
3.438923 
4.818384 
2.157461 
2.304923 
3.152096 
2.341930 
2.750012 
4.984631 
3.599735 
2.867279 
2.491558 
4.881917 
4.531714 
2.928493 
3.784599 
2.461753 
3.957887 
2.197824 
4.288708 
3.806044 
4.496431 
2.574759 
4.921213 
4.249723 
4.001283 
3.972931 
4.721880 
4.828007 
2.850241 
3.169000 
4.675492 
2.421863 
2.520797 
3.802534 
4.617947 
3.333657 
4.739211 
2.770428 
3.450605 
3.277116 
3.318707 
3.349775 
4.433034 
3.714907 
3.455992 
2.253637 
3.595786 
2.038483 
3.461864 
3.651294 
4.192120 
2.673826 
2.815557 
3.563282 
4.325894 
4.368392 
2.579049 
3.765776 
4.338125 
3.918556 
4.453273 
4.828951 
4.994953 
3.517987 
4.239533 
3.897823 
3.553170 
2.835613 
4.692721 
4.756515 
2.848242 
2.419384 
3.789176 
4.932021 
4.868864 
3.078550 
4.597066 
4.887887 
3.497823 
2.733304 
4.023195 
2.402714 
2.124665 
3.939911 
4.255607 
4.801610 
3.877931 
4.449766 
4.015215 
3.272099 
4.071501 
2.435348 
3.135195 
3.939264 
4.340450 
4.517974 
2.565936 
4.927741 
4.299470 
4.527246 
2.202738 
3.303333 
2.986597 
2.938735 
3.469732 
3.081094 
2.201676 
3.773500 
2.088484 
3.499106 
2.898826 
3.227339 
3.450948 
3.459780 
4.425251 
4.189499 
2.663290 
3.223130 
2.915962 
3.160000 
3.205060 
3.097454 
3.507493 
4.046573 
4.619394 
2.921732 
2.596652 
3.952524 
4.246273 
2.922816 
4.349736 
2.510578 
2.271534 
4.164282 
2.612823 
4.001249 
3.399650 
3.294769 
4.842762 
2.133003 
2.774743 
3.773469 
2.242376 
4.487320 
4.530279 
2.765464 
4.327474 
2.336745 
4.869603 
2.760340 
4.273411 
3.542350 
3.713016 
2.155771 
2.292765 
4.691899 
4.787909 
3.979610 
4.843282 
3.607931 
4.292986 
2.622892 
3.147685 
2.964733 
2.054049 
4.907136 
3.068522 
4.966006 
3.978622 
3.931321 
3.879490 
4.414618 
2.946493 
4.116577 
2.709333 
4.951101 
4.608152 
4.383234 
4.625734 
2.790815 
3.763574 
4.757084 
2.431686 
3.655816 
4.699676 
2.967145 
2.018716 
3.136405 
3.637661 
2.418084 
4.953368 
4.706082 
3.668520 
2.786824 
2.974047 
2.243033 
2.254388 
4.039853 
2.409237 
4.538937 
2.164631 
4.761436 
4.648941 
4.288149 
4.434750 
4.008493 
2.246093 
2.792911 
4.483244 
4.501619 
4.828590 
4.799923 
2.065323 
2.955645 
4.403020 
3.364311 
4.194843 
4.583022 
3.938097 
2.675013 
2.107959 
3.026904 
4.757711 
2.777732 
3.074411 
2.244343 
3.097772 
4.444974 
2.741546 
3.737327 
2.625868 
3.867393 
4.771664 
2.335171 
3.715848 
2.458868 
3.879143 
3.613754 
3.926852 
3.333038 
3.360476 
4.676491 
2.598496 
2.230829 
3.978973 
3.624574 
4.724320 
3.236286 
2.507197 
3.090177 
4.738659 
2.810532 
3.256929 
3.393862 
3.227732 
4.979218 
2.899536 
3.505692 
4.868747 
3.965337 
3.148107 
4.806519 
3.938149 
4.431069 
3.029039 
4.634311 
3.886701 
2.909567 
2.686695 
4.014561 
3.067859 
4.565780 
4.747129 
4.706358 
4.181902 
4.482291 
2.056185 
4.364660 
3.378378 
2.619365 
2.527351 
3.060435 
2.263180 
3.673016 
4.360511 
2.480199 
2.164185 
4.763547 
4.084840 
4.382791 
2.154433 
3.417803 
2.211658 
2.700808 
3.099488 
2.053252 
2.452675 
2.821069 
2.074669 
4.021712 
4.730409 
3.252348 
2.228217 
3.744094 
3.384370 
4.566849 
2.844396 
3.056146 
4.059326 
2.079949 
2.791861 
3.857289 
3.832447 
3.877978 
4.178998 
3.530148 
3.830303 
2.080692 
2.272878 
3.233289 
3.001879 
2.508826 
3.583175 
4.423280 
3.705658 
3.486394 
4.042368 
4.160151 
2.556852 
2.453745 
4.555847 
3.459042 
2.666901 
4.562329 
2.177601 
4.939679 
4.496789 
2.380194 
4.519953 
4.835248 
3.195048 
3.912257 
2.027529 
4.229415 
2.687401 
2.106957 
2.755308 
3.673092 
3.177602 
2.692311 
2.739816 
3.807033 
4.223027 
3.364923 
3.292977 
4.413108 
4.768692 
3.906449 
2.642339 
2.429477 
2.612590 
3.804826 
2.617711 
2.093185 
2.325910 
4.735060 
4.650724 
2.251760 
3.697240 
3.436071 
3.204982 
3.974089 
4.525425 
3.744934 
4.888147 
2.087232 
2.689015 
4.017320 
4.551565 
3.365310 
3.654154 
4.415264 
4.208051 
3.607098 
2.727544 
4.790630 
2.431801 
4.479697 
2.477324 
2.151104 
3.678204 
4.897994 
2.906002 
4.556394 
3.620909 
2.297340 
3.262834 
4.746116 
2.688161 
3.740718 
4.820127 
2.634845 
4.634741 
2.418160 
3.055305 
4.793024 
4.554632 
4.337248 
3.637379 
3.461481 
4.231280 
3.934204 
4.548327 
2.362478 
3.056783 
3.674163 
3.148682 
3.290343 
4.499645 
3.770362 
3.427062 
3.186996 
4.083877 
3.649377 
3.234750 
2.898646 
3.015838 
4.712089 
4.241714 
2.943450 
4.477186 
3.905848 
2.421017 
2.749158 
3.879625 
2.061460 
4.311392 
3.293789 
2.165903 
4.374976 
3.373745 
3.893458 
4.046411 
4.593407 
2.451486 
2.368523 
2.746725 
4.973657 
2.735681 
3.609719 
3.085469 
3.734736 
2.106956 
4.233579 
4.010491 
4.013010 
2.657040 
2.458360 
4.256433 
2.489566 
4.166603 
2.347775 
4.096753 
2.811115 
2.888959 
2.481368 
3.605384 
4.269827 
2.414874 
3.353317 
2.938534 
3.749482 
3.134218 
4.520725 
4.929176 
2.905348 
4.175236 
4.231134 
4.732171 
4.964953 
2.830909 
2.358675 
4.337200 
4.610120 
2.551667 
4.393269 
2.262401 
4.382275 
4.617953 
2.053817 
3.578627 
2.517496 
2.137263 
2.161407 
3.850135 
4.391233 
2.099024 
4.144959 
4.175841 
4.225342 
2.749408 
4.128215 
3.187011 
4.274177 
4.116617 
2.453633 
4.553947 
2.533148 
4.767660 
3.348269 
2.127165 
3.132349 
2.145477 
3.372486 
4.366708 
2.165430 
4.445972 
2.752580 
3.460174 
4.336832 
4.942219 
3.909232 
2.495731 
2.497549 
4.822150 
4.809196 
2.208318 
2.286222 
4.838484 
2.670311 
4.186245 
3.756734 
3.663003 
2.626958 
4.473846 
4.987724 
3.585897 
4.678079 
4.588656 
2.263628 
2.060119 
2.945658 
3.240115 
4.325806 
4.237452 
2.140906 
4.685465 
3.137117 
2.561406 
4.451912 
4.655485 
3.302679 
2.912501 
3.556767 
3.374251 
4.636408 
3.578181 
2.521985 
2.693701 
3.294612 
2.668497 
3.273360 
2.129631 
3.650330 
4.427454 
2.391222 
3.143019 
3.099251 
3.006931 
3.309113 
2.174544 
3.061868 
4.144628 
3.098042 
3.787449 
4.142659 
4.113229 
4.188644 
3.210664 
2.743293 
3.345794 
3.740727 
3.356409 
3.916622 
4.977737 
4.429740 
4.788020 
4.717931 
4.987288 
2.338774 
4.193605 
2.584231 
4.473255 
2.222428 
4.898016 
3.697020 
4.657353 
4.307651 
4.356582 
2.077896 
3.109255 
4.297431 
2.885127 
2.591882 
2.873210 
2.468083 
4.312534 
4.596170 
4.597149 
3.031166 
4.869705 
3.568793 
2.345111 
4.826046 
3.452493 
2.075919 
4.592461 
3.226370 
3.229582 
4.795688 
3.042378 
3.934833 
4.047574 
2.190588 
3.911498 
3.181088 
2.226300 
4.812943 
2.883250 
4.660505 
2.194408 
3.293424 
4.698027 
4.204472 
2.784716 
3.887876 
4.002419 
4.539655 
4.284776 
3.578748 
2.052200 
3.288751 
3.806605 
4.275319 
4.708229 
2.841619 
3.718456 
3.759955 
2.967393 
3.687393 
2.093826 
3.018561 
4.248760 
4.380543 
2.350504 
2.447102 
4.878592 
3.127729 
3.991667 
3.078859 
2.489323 
4.488427 
3.291331 
3.847504 
3.308065 
2.466203 
3.441509 
2.963359 
4.550193 
4.026882 
3.472631 
3.095308 
4.627321 
4.077267 
2.971564 
4.756028 
2.926627 
3.080216 
3.772948 
3.827585 
2.769394 
2.755580 
3.449296 
4.459077 
4.707199 
3.635737 
4.987455 
4.460803 
2.277075 
4.351454 
4.146927 
3.716914 
4.386885 
3.752927 
3.080956 
2.794577 
3.611534 
4.574736 
2.026937 
2.656833 
2.283532 
4.774959 
2.189470 
3.193118 
3.929110 
4.563939 
4.862282 
4.893904 
2.677828 
3.803894 
3.519403 
3.871046 
3.239998 
2.207913 
4.422406 
4.340452 
2.813639 
3.930635 
2.427802 
3.928503 
4.337679 
3.582064 
3.224742 
4.513013 
3.451787 
2.805970 
2.664770 
4.826030 
2.299803 
2.458539 
3.609394 
2.975831 
2.368229 
4.542069 
4.927676 
2.784543 
2.258866 
2.834446 
2.452304 
4.346896 
2.783790 
3.794971 
4.888999 
2.296870 
3.387821 
3.551139 
4.509383 
2.944721 
2.579635 
2.202695 
2.061739 
3.942719 
4.466340 
2.033405 
2.227663 
3.092037 
4.905834 
4.325553 
2.501192 
3.830414 
4.714979 
4.232598 
2.131465 
4.198866 
4.347169 
4.869361 
2.548178 
3.498592 
3.581099 
2.549471 
2.605628 
3.287777 
4.174308 
3.677486 
3.752667 
3.609040 
4.820336 
2.594784 
2.961350 
3.016792 
4.017769 
3.540771 
3.827057 
2.257722 
3.522279 
4.517481 
2.139988 
4.675463 
4.151601 
4.986231 
4.260892 
4.512136 
2.042378 
4.216355 
3.885789 
2.745225 
4.967906 
2.355192 
2.807896 
3.141892 
3.955440 
4.435685 
4.032860 
2.284570 
2.637324 
4.800565 
2.426665 
2.941603 
3.159683 
2.447814 
3.878456 
3.044428 
3.914097 
3.019174 
2.306613 
3.333360 
4.735054 
2.469584 
3.265180 
4.839559 
2.059591 
2.981539 
4.049146 
2.744400 
2.326841 
3.502025 
4.218967 
2.483833 
2.883456 
4.525189 
2.979501 
4.872854 
3.885162 
3.430717 
4.832260 
2.002354 
4.640381 
4.664691 
3.041521 
4.016238 
4.337875 
2.350904 
3.776244 
2.643809 
4.430039 
4.214044 
4.283262 
3.691896 
4.729737 
3.262306 
2.105525 
3.376281 
2.267550 
2.288672 
4.524043 
4.734797 
4.886795 
2.056157 
3.765080 
3.032707 
2.603053 
2.964534 
2.491799 
4.354024 
4.418686 
2.372142 
3.191669 
3.417558 
4.653622 
2.354402 
3.818139 
4.634803 
2.256602 
3.690012 
2.620783 
2.302333 
2.897171 
3.122215 
3.028642 
3.238996 
3.479001 
4.310838 
3.479244 
2.347970 
3.294590 
4.757908 
4.704216 
4.895849 
3.744404 
4.941881 
3.555377 
3.816963 
3.264006 
3.585220 
2.989613 
3.204300 
4.673268 
3.770570 
3.559007 
2.776085 
4.328746 
4.183895 
3.499799 
2.537990 
4.428037 
4.077908 
4.689109 
3.071131 
3.791745 
4.537627 
2.712610 
2.528522 
4.541031 
4.314924 
2.618017 
4.656295 
3.603449 
2.553412 
4.131689 
2.842552 
2.918887 
3.469861 
4.437500 
4.761852 
4.943684 
3.579918 
3.911142 
3.627465 
4.812380 
2.859687 
3.388246 
2.121244 
2.623751 
4.179321 
4.231146 
4.696377 
2.499654 
2.368593 
2.719033 
3.556784 
4.493169 
3.513393 
2.342204 
3.969236 
3.150485 
4.041001 
4.122929 
3.195420 
2.239137 
3.897346 
3.493916 
3.559649 
3.125090 
2.864276 
3.648209 
2.975554 
4.291173 
2.847621 
2.517983 
2.404135 
3.191490 
4.064433 
2.312063 
4.054145 
3.381482 
2.204122 
2.219380 
4.284027 
4.898697 
4.438064 
4.688996 
2.971069 
2.401565 
3.353209 
3.776085 
4.217033 
4.985339 
3.391661 
4.231134 
3.553871 
2.086755 
4.720447 
3.434545 
2.615983 
4.061646 
4.883187 
4.078037 
2.338873 
2.652869 
4.193563 
4.742570 
2.111691 
4.833442 
4.477847 
3.198829 
4.994347 
3.160323 
4.243266 
4.855707 
3.722891 
2.541767 
2.728407 
4.458248 
3.795717 
4.105998 
3.983026 
4.871659 
4.156901 
3.218006 
4.785038 
4.455320 
2.642273 
3.074768 
3.423697 
4.067433 
3.267184 
3.388623 
2.269121 
2.660235 
4.096496 
2.661019 
2.140109 
2.532152 
3.620261 
2.843249 
3.007726 
4.513852 
4.032321 
2.293966 
4.224220 
2.807247 
2.576893 
2.770265 
3.220078 
2.323523 
4.620693 
4.232658 
3.071184 
3.877543 
4.841282 
3.414768 
4.228841 
4.957724 
4.781943 
3.914105 
3.387434 
2.883276 
4.781356 
4.366235 
3.014090 
4.613863 
2.994775 
2.344298 
3.019988 
3.404859 
4.748193 
3.784264 
2.909325 
4.810185 
3.065274 
3.158237 
4.972130 
3.752602 
2.680184 
3.582008 
4.096306 
4.709274 
2.709347 
3.382998 
3.508008 
3.470565 
2.977895 
4.013386 
4.894230 
2.016487 
2.458206 
4.169383 
4.098576 
2.669266 
3.196753 
2.355339 
4.522707 
2.209288 
3.209022 
3.333506 
3.432583 
2.906906 
3.136950 
2.683559 
3.325893 
2.913840 
4.217357 
2.166910 
3.230174 
3.213006 
2.673174 
2.979542 
2.980003 
3.034390 
2.710014 
4.347687 
3.249757 
2.708579 
2.297474 
3.769631 
3.935567 
4.954856 
2.330024 
3.849387 
2.348637 
2.402281 
3.697688 
3.358257 
3.997007 
4.946897 
3.305227 
3.125446 
2.656291 
3.649300 
2.403381 
3.901262 
4.501166 
3.454419 
2.703403 
4.361921 
4.405598 
3.068345 
4.541707 
2.489031 
3.461667 
2.555782 
2.411286 
4.836447 
2.392529 
3.481337 
3.560720 
2.165579 
2.059116 
3.111961 
4.785983 
3.300103 
2.252345 
3.282595 
4.327883 
4.083289 
2.959426 
2.633055 
3.949494 
2.035516 
2.686160 
2.173114 
4.759333 
3.563089 
2.619639 
3.248320 
3.364587 
3.367645 
3.748824 
2.235902 
2.092331 
3.438709 
3.066245 
2.956016 
2.799298 
3.008693 
4.761259 
2.253469 
4.165113 
2.709888 
2.905570 
4.357191 
3.996209 
3.022804 
2.564330 
4.312752 
4.161327 
4.577615 
3.358531 
2.494061 
2.426780 
2.670608 
2.070139 
3.457106 
4.928725 
2.048476 
4.203755 
3.575087 
4.010102 
2.941748 
2.387477 
2.180935 
2.383630 
4.465719 
2.567944 
4.657638 
2.458916 
4.534921 
2.876614 
4.761847 
3.124058 
3.362404 
4.267354 
4.101335 
4.605569 
4.823239 
3.126832 
4.220070 
3.031561 
2.856752 
3.615463 
2.581691 
2.796521 
2.921640 
3.474003 
3.332091 
3.422267 
2.453340 
4.757653 
4.122863 
3.009239 
4.971751 
2.179601 
4.821667 
2.237535 
2.736025 
4.323020 
4.034507 
2.525887 
4.670165 
4.607891 
2.759932 
3.620993 
2.804098 
4.769180 
2.601132 
4.035682 
2.617613 
4.268423 
3.468586 
3.732913 
2.494439 
2.023840 
4.292182 
3.560608 
2.836125 
2.690240 
2.464803 
2.067745 
4.545035 
2.937098 
3.384881 
2.305099 
2.359395 
4.886102 
2.830972 
2.383987 
4.477513 
4.796784 
2.886065 
4.428422 
3.762618 
2.536065 
4.747994 
2.599970 
3.036723 
2.380122 
4.422425 
4.084473 
2.718469 
3.682882 
3.276309 
4.378536 
4.019834 
4.081660 
4.240671 
3.782986 
3.365820 
3.239887 
2.079652 
3.845298 
2.598224 
4.272489 
2.691891 
3.777788 
2.689089 
2.680499 
2.076218 
4.467408 
3.326275 
4.413161 
2.077184 
2.672796 
2.143282 
3.003265 
3.989459 
4.780944 
3.258607 
3.852095 
2.605877 
2.638859 
4.801117 
2.343081 
4.690803 
2.443918 
3.956588 
4.251173 
2.025792 
2.185743 
4.857761 
2.495103 
4.856587 
2.675896 
2.843922 
4.741456 
2.266893 
2.612850 
2.851130 
3.458035 
2.220036 
3.536496 
3.428436 
4.387885 
4.501290 
2.430595 
4.141532 
3.108689 
3.466529 
2.771576 
3.709469 
3.342297 
2.253673 
4.192322 
3.855136 
2.329971 
4.169892 
3.707318 
2.714375 
2.721772 
3.935955 
3.553024 
2.802147 
3.918487 
4.004102 
3.681158 
2.958050 
3.703782 
4.995288 
3.830229 
3.255129 
3.718257 
4.475720 
3.185942 
4.797748 
2.475893 
2.961166 
2.562813 
4.703991 
3.274309 
3.974488 
2.288152 
3.356023 
3.280435 
4.333816 
3.213728 
4.178180 
3.283251 
3.025883 
4.586199 
2.850423 
2.751110 
2.426183 
2.089058 
2.743098 
3.747852 
4.324180 
3.558854 
2.479636 
3.399040 
4.521160 
2.365869 
3.935315 
2.256153 
4.372465 
3.600098 
4.035790 
3.595804 
4.527611 
3.289243 
4.125503 
4.277358 
3.145794 
2.616975 
3.777362 
3.486898 
2.499249 
3.854474 
2.300566 
3.842127 
2.131731 
2.025417 
2.945030 
2.533864 
3.136659 
3.458481 
4.402518 
3.391138 
3.420071 
2.094141 
2.496074 
4.794856 
2.012871 
4.196538 
2.297444 
4.462905 
2.804671 
3.143302 
2.521314 
4.433002 
4.342488 
3.556052 
4.374130 
4.772240 
4.003734 
4.878688 
4.308972 
2.365250 
3.020365 
3.676194 
3.747027 
4.286500 
4.453924 
3.968212 
4.915443 
4.850119 
2.982065 
3.939851 
4.869553 
3.898965 
2.396301 
2.188194 
2.139181 
3.674478 
3.807969 
4.154343 
3.042725 
3.949590 
2.805894 
4.408192 
2.438815 
3.666985 
4.050506 
4.968455 
3.520367 
3.720335 
4.289451 
3.739592 
3.195521 
4.707193 
3.531012 
3.480713 
4.597177 
4.099896 
2.336053 
2.507913 
4.424327 
3.194876 
3.264655 
3.919915 
4.765885 
2.532507 
4.529295 
4.789077 
2.541315 
3.023872 
3.305589 
4.520244 
3.272893 
4.886782 
4.680450 
3.132624 
2.893089 
4.586831 
4.201091 
2.860036 
2.331929 
3.853915 
3.940820 
4.448224 
4.469374 
2.573648 
3.872735 
2.219725 
3.620724 
4.170796 
3.007350 
4.432599 
2.219931 
2.157123 
3.369652 
4.627105 
4.220754 
4.454625 
3.818987 
2.080369 
3.291391 
4.730119 
3.213487 
2.767420 
3.984452 
3.769553 
4.913774 
4.518853 
2.855745 
3.017380 
4.036175 
4.428706 
3.016817 
4.945302 
3.734303 
2.003413 
3.825957 
2.115765 
2.405150 
3.936124 
2.244866 
2.979522 
4.921283 
2.430069 
3.897983 
4.539534 
2.685027 
2.220940 
3.165862 
3.712311 
4.176607 
2.392783 
3.247385 
3.382185 
2.085190 
2.620945 
3.116178 
2.639978 
3.189001 
4.387137 
4.788968 
4.717519 
3.349706 
4.294860 
4.333464 
2.139974 
4.025831 
2.473694 
3.597758 
4.270045 
3.462999 
3.714114 
4.256240 
2.530690 
4.699975 
3.200026 
4.330109 
2.489422 
2.438827 
4.805223 
2.967664 
4.032229 
3.410573 
3.192912 
2.800343 
4.719237 
2.019148 
3.329294 
4.794119 
2.178317 
3.474995 
2.156253 
4.993283 
3.632611 
4.754470 
4.316065 
3.540324 
2.289413 
3.641124 
4.334388 
2.742519 
4.062828 
3.880633 
3.503655 
3.695749 
3.942527 
2.676117 
2.333638 
3.224372 
4.898992 
2.114102 
3.558378 
4.023622 
3.501258 
2.454270 
2.069076 
2.710770 
4.683500 
4.208143 
4.052771 
3.832984 
2.574436 
2.401002 
4.995342 
3.691972 
4.952995 
2.075322 
4.247057 
3.892025 
2.787875 
3.448882 
4.491931 
3.496021 
4.095377 
3.809340 
2.621960 
2.447731 
4.543327 
3.586079 
3.394703 
3.787665 
3.991055 
2.144232 
4.212202 
4.466940 
3.024260 
4.327428 
4.657027 
4.060028 
4.343999 
3.249699 
3.238302 
2.647674 
2.393427 
4.358675 
4.335669 
4.932368 
4.276843 
2.249281 
2.892524 
2.364647 
4.575431 
2.309773 
3.687189 
3.308662 
2.240481 
3.539290 
2.663256 
4.083814 
3.250978 
3.698402 
4.303288 
3.445811 
4.492697 
3.093888 
4.583835 
2.623782 
4.528233 
2.473901 
4.754516 
4.192548 
2.825123 
3.985257 
3.570340 
2.317549 
4.403902 
3.308975 
2.853303 
2.736682 
2.910827 
3.555606 
3.854019 
3.008538 
4.986868 
3.717466 
4.522952 
4.535831 
3.593698 
2.458018 
3.064445 
2.865840 
3.241205 
2.985855 
2.911100 
2.564757 
4.785215 
3.808765 
4.554324 
2.877985 
4.248303 
3.334515 
4.810317 
4.720784 
3.351686 
3.848657 
3.716279 
3.128624 
4.952866 
3.383548 
3.786505 
3.008715 
3.527848 
4.487332 
4.057104 
4.776810 
3.442701 
2.896668 
2.449708 
4.569181 
4.328784 
3.362273 
2.867787 
3.748073 
2.517745 
3.117956 
3.594866 
2.997317 
2.925859 
2.167242 
3.883675 
3.069068 
2.144464 
4.695469 
3.684724 
4.346290 
4.226073 
3.369795 
3.172188 
3.696061 
3.608455 
4.044271 
3.143744 
2.381757 
2.282290 
3.125640 
4.230077 
3.344530 
2.226654 
3.747983 
2.919617 
2.637759 
2.823035 
2.960458 
3.340519 
2.767043 
3.033211 
2.290604 
4.968912 
2.061700 
3.844272 
2.197718 
2.390468 
4.119572 
3.432989 
3.858983 
2.767987 
3.346747 
3.295328 
3.877744 
4.141426 
2.900444 
4.531566 
3.705626 
4.886172 
4.567448 
4.126556 
2.477317 
3.573415 
4.312309 
2.446827 
2.219890 
4.014309 
2.800092 
4.862217 
3.716288 
4.012081 
4.987555 
4.225554 
4.446821 
2.718867 
2.730698 
2.091037 
2.695210 
4.055914 
4.482678 
4.087204 
3.407079 
4.525639 
2.815259 
2.171775 
4.289535 
4.409899 
4.719750 
3.205809 
3.715554 
3.592330 
4.566659 
4.508789 
2.617867 
2.889179 
4.673629 
4.976047 
3.894494 
3.884378 
3.827560 
3.745835 
2.042165 
4.029183 
4.022539 
3.689549 
3.310810 
2.438242 
3.196796 
3.366745 
4.155141 
4.650060 
3.859575 
4.194902 
4.201777 
4.721945 
3.073692 
3.278917 
4.468049 
2.167531 
3.728130 
3.818252 
3.040454 
3.262108 
2.207341 
2.706066 
4.580298 
4.965878 
3.445704 
4.561657 
4.445705 
4.812803 
2.040211 
2.462973 
4.912359 
3.923234 
4.044539 
3.913675 
2.695578 
4.013347 
3.662750 
3.956907 
4.163766 
4.483542 
3.808310 
2.713196 
3.824506 
4.809274 
2.680300 
2.821012 
3.575625 
2.565479 
3.112333 
3.064848 
2.998912 
3.278445 
2.979593 
3.772951 
4.697957 
4.804865 
4.812833 
3.541832 
3.189815 
2.971616 
3.488101 
3.674170 
2.860480 
4.686227 
2.937318 
3.841816 
4.344713 
3.399780 
2.500974 
2.446378 
3.605239 
4.476026 
2.122459 
3.087802 
3.191205 
2.802562 
4.326090 
3.365463 
3.595922 
3.960786 
2.112115 
4.038335 
3.851156 
2.651380 
4.182653 
2.903605 
2.302279 
3.610425 
2.798467 
4.312728 
3.082693 
4.616699 
3.951626 
4.156852 
4.968590 
3.896094 
4.725485 
4.099033 
3.826322 
4.653500 
3.956591 
4.412445 
2.136553 
2.269901 
4.230850 
4.858415 
2.896434 
3.886520 
2.278816 
2.902772 
3.570314 
3.600937 
4.564417 
4.521488 
4.452937 
2.234255 
2.342734 
2.398708 
4.738369 
4.571687 
4.847114 
2.710534 
4.493062 
4.350088 
3.301031 
3.933638 
3.066939 
2.774199 
2.341537 
2.999163 
2.020738 
3.869923 
3.378898 
3.161504 
4.122377 
3.632002 
3.033060 
3.739028 
4.554633 
4.795933 
4.241656 
4.375934 
3.213250 
2.060257 
4.363329 
3.265862 
4.177464 
4.164232 
3.236690 
2.770271 
2.551669 
2.328770 
3.500156 
4.730711 
4.513159 
4.274566 
2.339224 
4.983261 
4.309125 
4.644562 
2.113853 
4.448932 
3.986176 
3.623106 
2.998983 
4.622023 
2.400043 
2.789284 
2.051920 
2.145811 
2.976704 
3.010793 
3.601998 
2.178861 
2.147087 
3.350557 
3.530375 
3.611530 
4.792513 
3.638259 
3.460961 
2.885275 
3.446152 
4.665586 
4.125743 
2.535763 
3.036281 
3.794209 
3.452258 
3.720023 
3.219079 
2.358897 
4.982258 
3.272749 
2.392308 
4.719263 
4.917457 
4.543349 
2.613759 
4.644504 
2.383833 
3.271019 
4.369472 
4.595172 
4.405763 
4.245957 
4.576404 
3.485783 
3.221232 
2.692314 
3.007067 
3.875396 
4.002391 
2.592912 
3.299531 
4.068100 
4.103763 
2.136227 
4.354288 
2.899727 
3.480587 
4.130461 
4.914884 
4.030931 
2.273843 
4.011829 
3.250936 
2.758097 
3.072257 
2.155084 
2.126554 
2.174031 
4.929279 
4.032730 
4.977809 
3.682860 
3.049553 
4.992202 
2.842527 
2.715112 
3.058679 
4.633983 
4.245140 
2.614756 
4.620114 
4.595136 
3.592860 
2.001163 
3.931954 
3.267871 
4.657708 
2.186804 
3.380460 
2.702465 
3.475193 
4.097668 
2.683840 
4.097424 
2.754931 
2.650276 
4.534619 
3.978426 
3.468688 
2.151547 
2.605165 
3.611474 
3.765880 
3.097450 
4.546151 
3.131173 
3.684229 
2.241643 
2.257319 
2.531011 
3.670560 
4.328107 
2.528927 
3.182405 
4.626378 
4.107384 
2.721220 
3.044464 
3.961780 
4.520587 
3.314674 
4.818468 
2.477187 
2.126245 
2.820570 
2.451451 
2.379292 
4.496739 
3.896535 
3.540015 
3.714563 
4.603267 
3.881511 
3.918115 
2.384156 
2.372356 
3.061707 
2.809125 
4.207764 
2.853473 
4.228564 
2.033241 
2.984085 
4.330797 
4.181874 
4.893089 
2.209943 
4.499649 
3.507153 
2.998495 
2.837447 
3.901730 
2.066796 
2.787782 
3.881170 
2.638563 
3.304843 
2.659581 
2.378533 
2.248642 
2.431299 
4.601466 
2.574046 
4.594939 
4.102625 
4.595013 
3.386288 
3.128055 
4.903579 
3.680322 
2.742880 
2.164877 
4.439917 
4.018079 
3.370637 
3.903745 
3.040032 
4.081324 
3.566219 
2.120283 
4.884716 
2.145463 
2.405743 
4.500572 
2.226450 
3.519191 
4.964873 
3.809116 
3.585017 
2.243702 
4.600160 
4.862254 
3.806982 
4.256509 
4.314451 
2.928377 
2.810402 
4.064400 
2.625041 
2.028399 
4.020282 
3.342143 
2.913164 
2.028058 
4.605697 
3.363487 
3.546194 
4.004985 
2.245472 
4.453559 
3.121012 
3.757767 
4.564948 
3.383197 
2.403236 
3.806006 
2.051074 
2.513579 
3.982281 
4.822946 
4.417506 
4.580180 
3.269314 
3.931763 
2.165506 
2.704916 
2.725680 
2.943819 
4.702148 
4.457917 
4.987577 
2.072570 
3.781833 
3.361732 
3.416383 
4.394213 
3.527781 
2.013893 
4.027562 
3.558457 
4.460707 
2.995732 
2.432677 
2.622568 
2.794217 
3.660038 
2.207847 
2.015373 
3.396412 
2.228504 
3.015830 
2.426890 
4.519532 
3.879645 
2.512465 
2.486784 
4.216870 
2.433810 
3.574398 
2.747726 
4.166362 
4.564566 
4.038254 
2.509148 
2.997840 
4.261521 
3.479428 
4.728987 
2.919653 
2.330041 
2.448860 
3.905983 
4.755195 
3.598675 
3.501521 
4.475741 
4.106060 
2.062993 
3.315866 
4.671036 
3.954168 
4.119034 
4.746959 
4.556536 
4.695483 
3.848437 
2.603239 
3.881580 
2.340101 
4.104004 
3.256327 
4.458879 
2.342797 
4.059359 
4.149083 
3.347635 
4.856498 
2.010140 
2.368839 
4.713485 
2.168407 
3.898021 
3.135436 
2.421034 
3.327906 
4.592218 
2.475168 
4.462487 
4.677455 
4.453370 
2.786362 
2.217741 
4.990223 
2.460657 
2.622206 
2.339005 
3.197446 
4.783633 
2.591941 
4.625632 
3.030370 
2.774182 
2.919029 
4.917862 
4.353939 
4.409394 
3.638374 
2.169762 
4.497876 
4.394444 
2.937764 
3.963152 
4.356699 
2.509693 
3.400235 
2.643852 
3.190379 
3.507194 
2.545470 
4.916416 
3.360957 
2.460287 
4.058213 
3.972565 
2.916162 
4.623193 
4.020685 
3.863926 
2.946675 
2.873633 
3.197289 
4.372627 
3.584508 
3.265184 
4.039119 
4.411039 
4.923112 
4.128685 
4.909062 
2.462221 
4.692197 
2.481695 
2.478112 
3.929781 
2.017107 
3.680551 
4.913811 
4.661109 
4.032519 
3.806527 
4.169514 
4.843271 
3.930759 
3.911884 
3.276937 
3.029831 
4.964224 
2.666065 
4.690509 
4.136593 
2.238271 
2.079477 
4.178728 
2.900615 
3.044968 
3.158133 
2.460386 
2.601774 
3.522241 
2.415605 
3.839134 
3.404377 
3.458494 
3.769345 
3.856985 
2.286909 
4.262547 
2.450706 
2.559717 
2.301674 
4.926068 
3.831534 
4.886191 
2.923290 
3.060001 
4.963817 
3.837617 
2.231008 
2.584021 
4.553625 
4.760472 
2.293930 
2.260303 
4.683205 
3.923357 
3.013162 
2.893423 
2.140619 
3.288026 
4.509513 
3.730453 
3.900403 
2.611899 
3.157838 
4.498105 
4.941432 
2.786271 
2.422715 
2.123703 
3.958043 
2.517737 
2.528406 
3.353290 
3.896280 
3.010252 
2.994085 
2.368547 
4.384021 
3.688260 
3.543733 
3.339207 
3.462845 
3.278595 
2.687351 
4.649967 
4.658555 
3.321815 
4.173777 
3.354297 
4.806295 
4.215070 
4.600524 
4.060786 
2.913492 
3.676405 
4.537423 
3.012464 
3.835468 
4.837006 
2.475963 
4.910282 
2.412335 
3.024283 
3.511363 
2.002911 
3.346500 
4.337418 
4.969922 
4.408275 
3.981754 
3.672467 
3.110446 
3.738376 
4.495344 
2.658279 
4.698926 
3.764213 
3.140724 
3.832818 
3.240303 
3.716959 
3.357848 
4.091379 
4.362707 
3.909359 
2.036820 
2.360628 
2.118407 
3.017125 
4.294560 
4.526309 
2.519109 
2.041163 
4.625729 
2.668139 
2.361162 
4.640120 
4.778966 
4.049720 
2.237693 
3.960289 
3.528163 
2.046616 
3.179576 
3.020289 
3.587179 
3.806330 
3.049929 
2.675644 
3.888287 
3.007859 
4.191002 
4.995673 
3.182253 
4.429332 
3.480092 
2.493807 
2.080593 
4.129551 
3.773940 
4.286267 
2.756349 
3.829330 
2.650712 
3.311769 
3.599100 
3.716559 
4.555652 
3.241965 
3.253335 
4.013951 
2.812463 
2.328573 
3.438047 
3.031165 
4.831579 
4.289582 
4.197957 
2.193419 
3.658923 
4.395727 
3.509358 
2.416247 
4.263815 
2.919271 
3.031491 
3.901198 
4.100538 
2.983221 
3.088124 
3.422925 
3.610156 
4.944303 
4.578438 
2.678113 
4.778057 
2.122901 
3.439586 
2.917944 
2.719977 
4.157360 
2.573107 
4.648883 
3.697150 
2.406763 
3.172359 
2.694232 
4.340825 
4.306366 
2.783650 
4.762675 
4.709693 
2.933579 
3.359117 
3.818728 
3.979945 
3.808730 
2.832997 
3.929116 
4.255495 
2.586248 
3.077099 
2.740406 
4.128197 
4.243522 
2.680263 
3.613756 
2.612660 
4.998944 
3.304616 
2.964086 
2.973226 
3.183751 
2.677987 
4.174175 
2.057365 
2.728817 
4.004022 
4.679428 
2.582379 
2.104292 
4.457249 
4.989690 
3.294152 
3.744911 
2.691133 
4.610652 
4.387722 
2.048765 
3.574649 
4.226910 
2.004676 
4.442932 
2.613869 
4.376316 
3.906298 
2.475691 
4.348224 
3.480156 
2.730382 
3.433255 
2.122003 
3.231722 
4.478890 
2.274385 
2.082466 
2.684414 
2.308244 
2.320530 
4.490089 
3.605841 
2.040195 
4.845367 
2.484980 
3.224891 
2.322912 
2.294351 
3.554310 
4.015856 
3.843058 
2.818339 
2.974379 
4.759109 
4.406364 
2.137316 
2.004362 
3.647184 
2.246105 
2.106210 
2.259315 
3.786553 
4.201841 
2.947273 
3.097122 
2.310007 
2.644472 
4.833421 
4.272951 
2.619310 
4.174703 
3.041147 
3.455562 
3.861861 
4.617366 
3.434496 
4.053897 
4.703583 
3.530912 
2.528167 
2.131020 
2.796623 
3.233815 
2.459520 
2.537639 
2.434033 
3.138216 
3.051009 
3.394741 
3.492982 
2.166215 
3.775931 
3.709764 
3.376791 
4.700198 
2.590633 
4.806245 
2.292484 
4.736302 
4.515571 
4.205490 
4.861979 
4.260815 
4.082724 
2.194697 
2.943849 
4.496368 
2.183575 
2.653733 
2.513971 
3.093181 
4.071874 
4.903261 
4.560097 
2.566035 
3.570096 
3.776437 
2.514088 
3.663696 
4.705697 
4.702842 
4.910955 
4.770871 
3.940365 
4.912000 
4.240287 
4.161160 
3.608023 
2.750037 
3.828517 
2.201310 
3.809146 
2.055921 
3.483317 
4.336592 
4.807675 
2.912285 
4.648288 
3.652557 
2.782307 
3.701598 
3.457782 
4.015454 
2.550757 
4.672880 
3.226334 
4.952662 
4.828959 
4.568084 
2.380783 
2.117051 
2.558631 
3.750819 
4.250780 
4.289087 
3.217123 
4.647750 
3.119352 
2.019133 
4.147417 
3.057979 
3.329543 
2.343129 
4.260809 
4.238898 
3.002797 
2.945898 
2.549980 
2.371736 
4.233508 
2.897894 
2.595153 
2.819466 
2.526196 
3.268895 
2.940657 
4.129602 
3.950101 
3.136415 
4.173194 
3.687886 
2.021299 
4.915217 
2.484594 
2.275779 
2.745609 
2.249082 
3.547051 
4.187863 
2.275162 
2.476864 
4.910622 
3.931316 
3.250899 
3.724937 
3.002390 
3.611832 
3.212281 
2.897381 
4.027173 
3.020354 
3.265109 
2.788709 
4.780126 
2.467851 
4.378371 
2.214388 
3.683225 
3.550594 
2.243083 
4.815047 
2.238749 
4.167969 
4.803222 
2.014126 
2.004124 
4.023256 
2.995536 
4.074457 
2.583939 
3.875554 
3.730116 
2.365097 
4.818610 
2.737708 
3.609640 
4.442952 
4.345026 
4.571019 
4.845100 
3.060244 
2.324976 
2.427915 
3.235158 
3.687159 
4.700749 
4.596974 
2.211363 
2.277158 
4.644990 
2.041248 
4.792764 
2.170366 
3.922248 
2.829100 
2.936122 
3.805915 
4.394989 
2.333148 
3.479836 
3.408937 
4.051218 
3.368863 
4.979789 
4.547649 
4.883404 
3.886433 
4.738212 
2.520729 
2.527341 
2.120072 
2.418247 
4.229119 
2.497508 
4.991195 
4.132743 
4.311922 
2.768901 
4.089542 
4.990583 
4.232835 
2.042888 
3.394880 
2.227503 
4.050625 
3.972827 
3.132680 
4.467312 
3.845368 
4.458256 
3.622103 
3.829278 
2.881402 
4.471176 
4.162557 
4.486684 
4.650197 
3.589934 
3.346295 
2.180083 
3.176496 
4.437148 
4.503989 
3.710698 
4.015896 
2.670105 
2.708957 
4.543577 
4.112440 
3.575893 
3.895486 
4.073252 
4.845739 
4.197505 
2.710686 
2.154054 
3.293723 
2.849725 
4.979256 
3.315774 
2.999627 
2.621495 
2.587992 
4.787270 
4.207051 
3.835170 
4.917542 
4.888795 
4.228824 
2.624110 
4.460402 
4.829293 
3.050642 
3.349790 
3.128473 
4.420815 
3.656158 
3.796625 
2.656404 
2.175846 
2.616918 
4.581539 
4.699524 
4.773596 
2.490872 
2.663303 
2.637675 
2.856227 
2.665950 
2.283069 
4.198277 
3.125830 
4.690723 
2.157259 
4.485302 
4.848829 
2.360304 
4.303744 
3.893136 
2.998145 
3.470609 
3.001335 
3.635872 
4.336077 
4.903337 
2.175020 
3.346025 
2.003752 
3.306129 
3.604538 
2.818741 
4.981864 
4.093159 
4.204752 
4.504485 
2.349951 
2.425790 
3.034406 
2.604914 
4.844518 
2.550671 
3.989828 
4.839781 
4.047968 
2.717179 
3.705731 
2.760693 
4.266327 
2.157366 
2.692601 
4.372453 
3.633564 
3.232285 
3.235538 
3.508839 
2.276442 
3.689332 
2.246835 
4.640073 
4.773966 
3.722870 
3.027231 
4.944559 
2.890420 
2.775425 
4.105509 
2.056981 
2.053234 
4.218381 
3.531494 
3.892603 
3.218689 
2.210787 
2.135937 
2.636200 
4.061203 
2.354862 
2.586469 
4.402638 
3.450254 
2.504372 
2.059583 
2.698891 
2.128629 
2.652409 
4.363277 
3.655444 
3.313694 
4.871824 
4.211759 
4.715792 
2.926537 
3.534629 
2.906619 
3.912401 
4.821563 
2.766660 
4.775046 
4.930486 
4.844359 
4.339594 
4.404682 
4.258733 
4.653258 
4.736375 
3.646189 
4.230583 
2.517661 
3.513276 
4.329632 
2.588378 
4.696750 
3.568854 
3.127015 
4.139978 
4.752757 
3.700383 
3.705776 
3.419714 
3.910930 
3.681595 
4.530420 
4.659553 
4.055141 
3.168597 
4.209798 
4.664405 
2.129828 
3.411498 
4.521789 
2.145908 
4.770485 
4.147168 
2.088675 
2.502420 
4.755517 
4.327919 
4.372042 
3.631872 
4.108738 
2.634104 
4.942739 
2.883019 
3.629546 
2.760284 
3.370158 
4.626661 
4.877589 
3.492629 
4.619952 
2.910486 
4.055671 
3.828926 
2.867537 
4.114984 
2.710088 
4.926823 
4.285817 
3.706245 
3.500926 
3.898655 
2.107172 
2.009601 
4.728484 
3.689563 
2.850873 
4.116060 
3.643504 
4.685469 
3.606960 
4.180294 
4.435012 
4.305585 
4.533099 
2.197337 
3.054184 
4.194649 
4.167609 
4.287346 
3.855611 
3.486483 
4.778856 
3.115607 
3.269892 
3.220339 
3.883707 
4.683217 
2.032207 
4.609032 
4.610816 
3.194638 
4.989029 
4.670172 
4.162570 
4.025742 
2.845633 
4.975872 
2.173848 
3.278073 
3.142791 
2.039738 
3.073527 
4.340884 
4.207343 
4.084906 
3.718968 
2.263908 
4.347777 
3.190750 
2.187461 
2.976899 
3.611274 
4.834515 
3.122976 
2.522878 
3.484538 
4.238601 
2.508292 
2.374983 
3.137358 
3.048483 
3.559003 
2.377008 
4.836300 
2.884942 
2.011428 
2.673945 
2.367305 
2.069656 
4.460887 
4.432815 
3.221120 
4.625744 
4.780175 
3.553048 
4.915027 
4.577696 
3.562941 
2.678260 
3.716188 
3.192327 
4.711148 
2.580728 
3.553743 
2.370282 
3.895748 
3.979100 
4.407322 
3.741846 
2.284666 
3.053312 
4.935650 
4.728598 
4.153116 
3.156078 
3.345894 
4.075616 
2.908568 
3.833603 
2.272939 
4.501597 
2.820037 
2.402267 
3.183371 
4.913335 
4.714931 
4.555406 
2.499987 
3.956474 
3.579690 
2.984396 
4.399562 
2.821642 
2.526117 
3.370491 
4.595442 
3.533955 
3.986903 
3.332315 
4.511010 
4.888666 
4.275113 
4.609020 
4.795138 
3.322681 
3.510219 
3.504239 
4.588916 
4.478895 
2.455099 
3.036183 
2.765790 
2.693196 
4.362096 
2.208498 
2.046941 
3.074285 
3.760439 
4.407087 
3.946620 
3.866377 
3.773327 
2.526239 
2.220507 
3.640699 
2.283472 
4.225134 
2.067234 
4.797118 
2.293420 
2.869714 
3.786675 
2.096957 
2.906878 
3.054834 
2.094670 
2.657874 
4.726162 
3.763950 
3.437714 
4.875139 
4.664529 
2.263284 
4.655477 
2.503609 
2.446107 
2.264881 
3.606278 
3.552739 
3.366249 
2.292043 
3.082992 
2.103059 
4.768349 
2.624632 
4.798219 
4.691392 
4.664016 
2.585773 
4.749137 
3.865948 
2.876899 
2.035590 
3.739885 
3.467217 
4.021113 
3.906210 
3.833098 
2.114139 
3.203107 
2.782378 
3.568651 
2.614177 
3.290616 
2.059601 
3.228216 
4.289815 
3.507238 
3.913883 
4.985710 
2.347953 
4.078939 
3.955462 
2.390460 
4.061775 
3.454293 
3.036702 
4.098943 
2.713793 
3.705524 
3.679357 
2.197272 
2.369338 
4.858784 
4.855998 
4.715483 
3.742918 
2.919511 
3.328434 
4.183389 
3.477199 
3.202619 
3.560826 
4.921320 
3.969607 
3.117039 
2.679391 
2.735726 
3.776880 
3.899529 
3.255429 
4.535613 
4.746424 
3.006357 
2.043811 
3.722267 
2.322894 
4.028623 
3.477236 
4.529057 
2.562580 
3.145421 
3.124627 
3.284032 
2.396320 
2.109637 
4.334065 
2.952480 
3.573883 
3.017403 
2.746192 
3.702473 
3.277046 
3.944185 
2.693354 
4.621395 
2.659497 
4.210889 
4.119455 
2.093674 
4.073737 
3.008101 
3.416728 
4.226948 
4.805781 
2.934040 
3.384169 
2.491392 
2.407426 
3.393745 
2.297951 
3.316072 
3.928295 
4.187685 
4.564637 
4.409388 
3.425528 
2.325435 
3.401280 
2.788670 
3.727015 
3.860432 
2.187258 
4.526487 
4.741807 
3.358963 
4.098598 
4.262461 
2.241506 
3.335032 
4.806414 
4.012803 
4.929029 
2.910506 
4.857775 
2.667833 
4.593842 
2.075341 
4.126427 
4.653428 
2.140264 
4.717562 
2.743834 
2.729381 
4.012093 
4.943095 
4.416017 
3.058662 
2.082652 
4.132631 
3.182515 
3.397467 
4.011154 
3.200418 
4.183733 
2.533535 
4.038666 
4.745382 
3.444928 
3.220404 
3.482990 
4.967952 
3.973627 
4.797622 
3.211826 
3.468493 
3.907418 
4.387908 
2.644165 
2.520478 
3.598946 
4.931938 
4.057598 
2.698223 
2.596565 
4.259455 
3.262147 
3.012455 
3.838361 
3.282446 
2.896074 
4.073385 
3.617548 
2.447828 
3.593519 
2.085186 
3.742996 
3.329852 
4.016561 
4.405341 
3.305060 
2.135647 
4.304567 
4.462052 
4.367973 
3.490855 
4.759847 
2.542127 
2.331527 
3.358944 
3.472268 
4.732496 
3.186364 
4.944309 
3.386645 
4.205696 
2.366601 
3.433835 
2.432806 
3.309859 
4.733137 
3.448928 
4.490877 
2.518678 
2.508799 
2.757473 
2.097535 
4.688383 
4.628108 
4.821296 
3.596245 
4.533771 
3.098477 
2.918401 
2.054472 
2.233130 
3.264157 
3.193865 
3.955838 
3.539948 
2.032275 
4.836710 
2.676976 
2.598721 
4.502913 
2.912779 
3.236029 
4.724525 
4.832386 
4.997936 
2.329689 
3.874498 
3.869169 
3.495033 
2.461567 
2.409909 
4.781811 
4.257442 
2.416950 
2.895520 
3.979044 
2.431293 
3.747527 
4.467854 
2.084857 
4.853933 
4.040027 
3.180505 
2.286312 
2.866233 
4.339469 
2.922030 
2.732323 
4.088544 
3.012921 
3.649250 
3.154850 
3.113265 
3.654753 
4.685083 
4.931070 
4.374992 
2.606751 
2.302177 
2.781162 
2.567306 
4.358355 
2.729420 
4.130985 
3.890394 
2.333758 
4.317950 
3.400829 
3.055605 
4.127659 
2.911872 
2.931586 
2.684305 
4.221917 
2.616981 
3.589603 
2.603245 
3.250093 
4.157576 
2.694160 
3.679930 
4.841290 
2.510810 
3.244657 
3.242408 
3.223374 
2.219778 
3.630238 
4.015367 
2.179475 
4.729608 
3.897149 
4.942323 
3.653481 
3.781160 
3.451394 
3.034282 
2.007631 
3.410976 
2.161156 
2.343012 
2.138639 
2.450893 
2.158434 
2.261860 
2.004581 
3.591193 
4.884009 
4.423825 
2.677135 
2.544022 
4.936130 
2.387418 
3.478321 
2.568161 
4.534271 
4.628043 
4.367887 
4.616649 
4.918082 
2.582554 
2.872569 
4.634352 
4.853097 
3.983901 
3.374079 
2.845421 
3.278995 
3.949485 
2.469376 
2.926795 
4.531636 
4.797406 
4.658751 
2.436132 
2.856925 
3.986339 
2.354088 
4.156011 
2.630923 
3.335426 
2.797614 
4.645760 
4.509435 
4.929433 
3.283949 
2.968274 
2.780309 
3.438266 
2.224634 
4.369366 
2.344246 
3.170347 
3.215809 
4.016320 
2.108330 
2.417793 
3.709692 
2.289585 
4.910820 
4.115300 
4.381363 
4.822693 
4.691054 
3.758227 
3.546883 
2.636891 
3.460250 
2.243728 
4.809449 
3.610022 
2.124103 
4.660605 
3.610890 
4.829109 
3.654951 
4.356549 
3.600785 
4.188169 
2.977605 
2.144170 
3.241104 
3.927309 
2.320513 
3.280173 
4.654313 
2.745751 
2.621921 
4.181517 
4.210604 
4.849808 
3.987618 
4.478195 
3.862002 
2.095016 
4.911356 
4.707623 
2.954711 
3.607973 
3.252101 
4.772512 
3.592221 
4.773857 
3.322730 
3.773950 
2.834924 
4.094873 
2.810338 
2.543969 
4.839545 
2.592342 
4.722213 
4.884950 
4.689569 
3.800395 
2.430578 
3.865282 
2.937958 
2.642697 
3.615413 
2.712166 
4.252233 
4.034943 
2.288495 
4.452414 
2.619847 
3.660243 
3.210702 
2.983886 
2.175238 
3.260934 
2.935126 
3.413259 
4.867704 
3.412148 
3.269013 
2.800578 
4.104412 
3.642168 
2.475570 
2.497536 
2.050370 
4.596764 
2.748579 
4.005859 
2.527918 
4.899828 
2.110455 
2.269875 
2.218879 
3.440611 
2.666162 
3.069540 
3.690376 
3.446562 
4.390790 
3.620108 
3.400742 
3.413586 
2.073442 
4.769741 
4.813031 
4.505908 
2.050052 
3.150482 
2.277142 
2.977121 
4.044798 
2.739813 
2.566521 
3.267671 
3.276402 
3.245589 
4.023358 
2.426352 
3.543992 
3.124241 
2.645612 
3.515423 
4.530263 
3.949676 
2.049387 
2.635563 
4.330755 
4.768184 
2.004553 
3.362290 
4.941049 
3.103102 
4.260533 
2.751998 
3.144668 
4.041811 
4.873827 
2.917249 
3.472914 
4.101687 
2.499792 
2.161893 
4.610441 
3.897422 
4.561112 
3.638005 
3.389594 
3.918097 
2.702538 
2.118669 
2.876683 
3.418539 
4.942685 
4.390464 
3.825751 
4.025443 
4.337511 
2.679521 
3.871051 
2.320119 
3.922256 
3.660858 
2.947165 
2.612025 
3.557844 
3.387112 
2.116248 
4.216120 
2.749152 
2.134149 
2.723515 
2.139716 
4.368960 
3.190612 
3.029253 
2.282167 
4.596886 
2.534547 
2.671681 
3.214940 
4.210038 
3.987833 
2.796074 
4.113437 
4.976061 
3.455959 
2.462320 
4.470043 
2.498155 
2.715548 
2.322265 
2.306605 
2.945250 
2.958331 
3.142827 
2.043659 
4.094995 
3.401538 
2.441709 
3.422672 
2.776061 
2.936744 
3.864183 
4.463975 
4.364100 
4.314793 
3.655601 
2.226909 
3.116233 
3.840692 
2.689669 
3.435002 
2.603581 
4.265367 
4.092477 
4.789962 
4.894773 
3.230058 
3.245072 
4.211125 
4.739112 
4.393388 
2.440010 
3.762630 
3.834769 
4.093167 
3.927436 
2.594633 
3.369439 
3.785261 
4.988877 
4.703372 
3.896517 
4.419132 
2.288993 
4.113613 
4.126008 
3.557562 
4.787733 
3.946309 
2.603333 
3.857538 
4.953615 
2.706643 
3.957787 
4.016760 
2.580118 
4.591695 
4.285794 
4.611007 
3.128030 
3.899605 
3.078183 
2.328034 
4.849661 
4.119795 
4.092369 
2.409655 
4.249875 
2.955729 
2.352123 
2.133997 
2.900095 
3.998388 
4.089808 
4.568337 
4.910846 
3.389292 
2.462971 
4.677989 
3.823586 
4.743593 
2.456289 
3.924986 
2.136985 
3.643131 
4.530067 
4.398489 
4.598516 
3.390687 
4.990797 
2.129595 
2.564559 
2.975461 
4.546802 
2.650833 
3.958193 
3.659657 
4.294587 
4.773896 
2.564912 
3.699358 
2.427823 
3.939491 
4.436397 
3.152024 
3.751017 
4.465912 
2.547400 
4.926937 
2.694561 
3.521656 
3.151681 
4.064666 
3.145486 
3.772637 
3.289504 
2.514134 
4.593621 
3.809752 
4.917159 
3.722806 
4.293668 
4.232413 
3.368983 
2.520700 
4.261999 
3.332778 
4.603947 
3.528530 
2.797064 
3.554431 
4.559321 
2.106366 
3.686282 
3.858183 
3.672725 
4.049496 
3.058556 
3.259580 
2.841677 
4.459758 
3.390721 
3.919832 
4.428558 
3.966488 
2.449182 
4.861368 
2.636154 
2.385145 
3.459398 
3.087364 
2.248207 
4.497174 
3.295724 
4.965366 
4.468647 
4.656128 
2.663776 
2.092930 
3.130021 
2.467115 
2.085425 
3.407004 
4.610984 
4.537211 
4.685562 
3.313519 
4.879819 
2.160337 
3.598879 
2.262717 
3.045050 
3.516443 
3.607470 
3.570500 
3.541325 
2.957756 
2.579982 
2.004339 
3.841669 
3.634619 
4.054214 
2.042455 
4.751928 
3.813101 
4.168119 
4.075002 
3.281357 
2.771960 
2.835471 
2.698570 
2.527137 
4.259560 
4.552562 
3.708354 
4.622136 
2.845263 
4.231168 
3.683355 
3.207384 
2.114739 
2.856956 
3.993027 
3.958517 
4.782937 
2.443091 
4.910155 
2.809242 
3.083771 
4.988354 
2.291990 
2.677534 
3.710546 
2.541541 
3.110938 
3.638737 
2.970674 
2.697083 
3.422857 
3.798151 
2.984895 
4.798053 
2.923815 
3.081717 
4.783013 
4.268618 
4.664666 
3.012454 
2.448228 
2.391217 
2.346150 
2.501132 
3.622053 
2.948979 
4.669844 
2.303069 
2.523548 
2.756896 
4.961783 
4.824105 
3.927132 
3.654098 
2.363850 
3.349364 
2.204310 
3.393212 
2.849828 
4.425654 
4.033235 
3.008090 
4.863446 
2.625302 
4.344836 
2.222666 
2.800722 
3.224536 
2.391577 
3.555317 
3.927268 
2.890724 
2.350642 
4.937210 
4.144557 
4.214327 
2.365374 
2.643459 
2.111991 
3.116211 
4.039179 
2.510640 
3.385781 
2.010726 
2.212184 
4.586844 
3.516100 
3.626013 
2.690952 
4.891978 
2.132591 
4.693474 
4.555033 
4.492551 
2.198146 
3.177775 
4.743142 
2.110064 
3.697490 
3.926822 
4.328958 
3.894377 
2.194744 
2.310987 
2.596300 
2.676779 
4.159340 
2.457513 
2.847749 
4.907885 
4.721068 
3.556930 
4.370236 
2.414127 
2.455816 
4.448079 
3.090460 
2.066370 
2.396203 
2.009716 
2.220040 
4.994455 
3.612711 
4.890761 
3.862493 
4.073571 
2.907261 
3.281301 
4.596961 
4.292281 
4.210922 
3.493630 
3.734902 
2.137429 
3.162603 
2.194910 
2.992012 
4.704430 
3.083448 
4.992581 
4.226609 
3.404378 
3.564108 
3.520724 
3.378658 
3.086430 
3.796725 
4.283418 
2.218125 
2.394352 
4.039151 
3.520350 
2.193842 
2.753773 
4.350522 
2.827413 
3.245198 
4.711403 
3.452598 
3.319971 
2.617836 
2.798976 
2.322266 
2.797884 
2.427840 
3.570381 
4.808772 
3.838526 
4.465460 
3.067516 
4.626365 
3.302113 
2.302878 
4.020990 
3.917648 
3.565049 
3.096492 
2.938506 
4.914474 
3.766438 
3.444937 
2.992559 
4.736163 
3.589618 
2.229938 
4.053995 
3.901739 
3.923959 
2.579335 
2.717695 
4.951058 
2.448934 
4.651108 
2.163811 
4.924187 
3.397452 
2.069685 
2.985429 
4.267132 
3.801002 
2.405843 
2.437163 
3.125380 
2.827231 
3.477783 
4.837022 
4.102415 
2.204626 
2.021787 
3.576918 
3.657722 
3.717545 
3.476763 
4.076863 
3.785981 
2.665505 
4.213020 
3.806894 
2.732379 
2.598653 
4.920875 
4.577699 
3.595649 
2.531487 
2.838959 
3.503877 
4.870089 
2.805099 
3.903099 
3.158754 
3.962498 
4.064935 
4.573478 
2.125928 
2.776633 
4.896374 
2.873153 
3.158552 
2.375552 
4.599976 
3.743872 
3.308951 
3.610836 
2.846145 
3.555031 
4.517043 
3.213156 
4.340524 
2.132047 
3.142161 
3.439004 
2.264683 
4.280848 
4.428434 
2.148993 
3.208396 
4.376555 
2.058409 
3.256111 
2.932269 
4.645214 
4.024277 
2.820967 
4.888859 
3.960920 
4.239489 
3.579471 
3.565738 
4.232751 
2.857437 
3.749443 
3.095850 
3.486631 
2.209359 
4.752127 
2.573464 
2.216089 
3.201449 
2.448574 
4.424501 
3.399817 
2.480725 
2.086959 
3.409288 
3.280243 
3.109769 
2.344859 
4.689480 
2.987907 
3.529697 
3.545659 
2.116248 
3.326155 
4.215612 
3.832523 
2.929656 
2.487126 
4.986519 
4.969410 
4.556162 
3.465371 
3.974737 
4.307201 
3.055316 
2.861519 
4.780451 
2.849286 
3.970649 
3.720197 
3.706478 
3.855492 
4.981098 
3.870490 
2.857218 
3.423361 
4.971952 
2.168373 
2.567118 
2.395901 
2.586276 
2.041127 
4.881098 
4.325172 
4.624313 
3.987391 
2.483550 
4.946154 
3.970427 
4.977522 
4.800968 
4.997301 
2.423654 
4.192001 
2.115128 
2.812918 
3.578638 
3.456610 
3.353963 
3.769011 
3.416278 
3.003918 
3.219503 
4.233338 
2.867577 
4.084874 
2.975685 
4.158726 
2.519919 
3.586021 
3.223514 
4.251837 
3.210444 
3.032804 
4.229684 
2.221065 
3.109078 
3.485630 
3.863983 
2.956165 
2.425922 
3.422967 
4.496275 
2.426511 
3.260456 
2.449090 
2.092177 
2.811667 
2.976632 
2.461692 
3.250758 
3.359608 
3.393653 
2.873587 
4.352773 
2.322714 
2.228535 
3.303829 
2.609634 
3.455185 
3.173673 
3.512419 
3.212030 
2.888622 
2.832957 
3.299862 
2.517730 
4.912540 
4.738738 
3.516191 
4.502204 
4.723000 
2.868119 
3.885141 
2.659613 
4.515215 
2.636619 
2.388241 
2.323430 
4.911346 
4.568471 
4.838102 
3.112982 
4.422339 
4.470343 
4.359822 
4.901003 
3.824797 
4.438490 
3.309620 
4.932694 
4.415319 
4.501186 
3.281500 
2.298013 
4.248659 
4.544958 
2.654209 
4.092439 
2.688313 
4.998705 
2.878151 
3.817412 
3.241975 
4.038013 
2.390305 
3.208229 
3.975624 
3.518707 
2.871716 
3.050149 
3.979065 
2.323618 
2.586601 
4.802964 
4.195778 
3.037500 
2.271289 
3.479553 
4.549967 
4.799361 
3.129396 
3.353058 
3.045774 
2.752493 
2.970867 
4.961289 
2.038991 
4.490955 
2.685189 
3.939075 
4.976424 
4.664184 
2.550122 
4.761858 
3.680387 
3.513074 
3.078982 
3.473811 
2.578864 
4.798649 
4.165157 
4.815841 
4.256993 
2.982377 
2.026130 
4.241987 
2.983337 
4.093255 
3.024587 
3.358590 
4.933214 
3.193354 
3.424870 
4.217748 
3.495004 
2.762240 
4.713819 
2.177440 
2.165816 
3.813015 
4.968056 
2.897971 
4.334446 
2.699158 
2.057262 
3.710294 
4.258476 
2.792138 
2.905220 
2.365906 
3.836331 
4.048494 
2.414942 
4.817095 
4.030583 
4.135122 
2.781380 
3.345634 
2.540712 
4.885585 
3.273676 
4.933217 
2.771277 
2.692904 
2.102079 
4.538242 
4.216754 
2.084049 
2.985938 
3.294274 
2.737644 
4.318469 
4.991035 
3.757536 
4.673367 
2.234208 
4.903416 
2.744707 
2.926488 
2.869776 
3.637775 
3.029422 
4.501913 
2.552422 
4.578353 
3.633894 
2.226746 
2.239350 
2.083345 
3.069290 
3.736101 
2.757330 
2.583100 
4.066892 
4.839174 
3.038824 
4.586995 
3.064368 
3.555611 
3.283357 
3.807577 
3.923415 
3.829849 
2.857518 
3.814553 
2.653436 
3.676840 
3.254024 
4.949222 
3.196239 
2.915561 
3.098191 
3.276428 
2.128203 
4.970299 
3.313161 
2.212000 
2.223990 
2.189367 
2.364427 
2.216815 
3.103116 
2.139158 
4.284952 
4.223277 
2.802557 
2.043117 
3.886755 
4.555438 
3.944651 
3.106260 
2.125694 
3.624120 
2.558637 
2.563528 
4.011704 
3.711517 
2.422169 
2.246943 
2.976768 
2.059764 
3.632048 
4.511966 
4.030131 
3.404528 
4.322794 
2.953605 
4.564952 
2.262375 
2.390046 
4.278852 
4.100696 
2.692765 
3.638199 
4.337390 
4.812972 
4.811162 
3.247756 
2.107842 
2.853723 
4.423945 
2.951988 
2.838265 
4.330048 
3.408045 
2.952320 
3.618533 
3.941900 
2.385460 
2.154608 
2.393119 
4.983768 
3.318964 
4.902631 
4.605596 
4.932864 
4.407965 
2.788546 
2.642266 
4.046276 
3.572059 
2.863823 
3.765952 
3.627333 
3.230806 
4.165148 
3.068367 
3.345394 
4.633851 
2.458937 
4.360203 
4.915730 
4.072355 
3.546649 
4.082191 
3.470477 
4.668983 
4.462646 
3.628243 
3.549235 
2.883477 
2.142582 
4.213238 
2.897425 
2.671129 
2.264391 
2.478225 
4.036657 
3.047752 
3.112579 
2.326219 
2.649943 
3.997441 
4.113435 
2.110592 
2.319435 
4.925460 
4.721707 
3.538966 
4.543142 
2.034301 
2.351227 
4.125676 
3.659096 
4.695027 
2.930887 
4.520070 
3.873598 
4.912416 
4.567539 
4.816899 
4.316961 
2.900205 
4.675487 
2.342044 
3.175391 
4.387765 
2.622780 
2.419343 
4.438759 
3.004609 
4.598534 
3.671359 
3.682254 
4.828868 
4.816055 
2.197897 
4.456467 
2.083992 
2.442159 
3.829850 
2.397423 
4.492706 
3.545988 
3.067408 
4.944029 
4.614525 
4.861220 
3.279224 
3.304725 
4.584858 
3.208873 
4.099687 
3.729771 
3.706583 
2.413711 
2.075827 
3.238868 
2.164060 
4.476869 
4.827792 
4.090391 
3.716957 
3.377732 
4.406968 
4.258093 
2.255188 
4.275674 
4.653017 
3.133262 
3.824046 
4.859482 
2.867860 
4.627242 
4.757074 
2.614906 
4.308949 
4.677686 
3.896686 
2.621978 
3.517531 
4.663743 
3.240153 
4.426314 
2.751855 
4.286085 
3.457205 
2.643936 
2.087801 
4.126160 
4.174729 
4.203700 
3.636910 
4.014224 
2.187944 
2.078330 
4.423505 
4.455778 
4.132465 
2.150164 
4.884841 
3.732064 
2.748534 
3.921765 
3.478324 
3.549005 
4.050261 
4.692046 
2.637036 
2.272819 
3.535703 
2.984229 
2.030692 
2.507223 
2.890074 
2.417929 
4.089130 
3.787120 
4.768253 
4.866732 
4.380958 
3.762247 
2.554968 
4.680393 
2.312313 
4.824628 
2.130913 
3.733276 
3.493957 
4.308592 
4.735293 
3.235650 
4.819182 
3.167095 
3.773087 
2.243177 
3.610529 
4.295694 
4.654033 
2.469336 
2.695142 
3.906932 
2.928142 
4.386030 
3.964567 
2.101270 
4.956715 
3.617457 
3.638606 
3.358595 
3.036706 
2.849623 
2.241902 
4.410951 
