0.862902 
0.385522 
0.385522 
0.385522 
0.385522 
0.385522 
0.385522 
0.385522 
0.385522 
0.385522 
0.706890 
0.706890 
0.706890 
0.706890 
0.706890 
0.511141 
0.511141 
0.522115 
0.522115 
0.771240 
0.771240 
0.771240 
0.624659 
0.624659 
0.624659 
0.624659 
0.624659 
0.624659 
0.624659 
0.312002 
0.180145 
0.180145 
0.180145 
0.180145 
0.180145 
0.180145 
0.180145 
0.180145 
0.180145 
0.180145 
0.180145 
0.649192 
0.649192 
0.276960 
0.543744 
0.529004 
0.297331 
0.223529 
0.223529 
0.223529 
0.843713 
0.843713 
0.843713 
0.563300 
0.563300 
0.563300 
0.375101 
0.884607 
0.884607 
0.884607 
0.884607 
0.297886 
0.297886 
0.518195 
0.518195 
0.518195 
0.518195 
0.518195 
0.518195 
0.518195 
0.518195 
0.771561 
0.771561 
0.771561 
0.832411 
0.832411 
0.832411 
0.832411 
0.832411 
0.557299 
0.557299 
0.557299 
0.557299 
0.557299 
0.557299 
0.734437 
0.734437 
0.884258 
0.884258 
0.884258 
0.884258 
0.580582 
0.580582 
0.580582 
0.580582 
0.580582 
0.580582 
0.580582 
0.894782 
0.894782 
0.894782 
0.894782 
0.894782 
0.894782 
0.894782 
0.894782 
0.894782 
0.894782 
0.894782 
0.894782 
0.894782 
0.894782 
0.894782 
0.894782 
0.894782 
0.597940 
0.597940 
0.597940 
0.597940 
0.597940 
0.527044 
0.527044 
0.527044 
0.527044 
0.527044 
0.603734 
0.411759 
0.411759 
0.411759 
0.809093 
0.734622 
0.790014 
0.790014 
0.790014 
0.790014 
0.790014 
0.670459 
0.670459 
0.670459 
0.670459 
0.670459 
0.728439 
0.634600 
0.318142 
0.318142 
0.318142 
0.318142 
0.408504 
0.408504 
0.408504 
0.408504 
0.408504 
0.408504 
0.620579 
0.620579 
0.620579 
0.620579 
0.620579 
0.620579 
0.620579 
0.620579 
0.620579 
0.620579 
0.620579 
0.620579 
0.931101 
0.931101 
0.931101 
0.705616 
0.705616 
0.705616 
0.705616 
0.705616 
0.705616 
0.705616 
0.705616 
0.705616 
0.260658 
0.609090 
0.565902 
0.565902 
0.565902 
0.565902 
0.565902 
0.565902 
0.565902 
0.565902 
0.565902 
0.565902 
0.565902 
0.667689 
0.667689 
0.447253 
0.447253 
0.447253 
0.437721 
0.437721 
0.354974 
0.354974 
0.354974 
0.136305 
0.136305 
0.136305 
0.136305 
0.821360 
0.555691 
0.555691 
0.381658 
0.381658 
0.381658 
0.381658 
0.381658 
0.381658 
0.381658 
0.381658 
0.381658 
0.381658 
0.336946 
0.336946 
0.336946 
0.336946 
0.336946 
0.336946 
0.336946 
0.336946 
0.336946 
0.336946 
0.336946 
0.336946 
0.336946 
0.336946 
0.336946 
0.336946 
0.546456 
0.546456 
0.546456 
0.546456 
0.546456 
0.546456 
0.546456 
0.546456 
0.546456 
0.546456 
0.132423 
0.132423 
0.132423 
0.132423 
0.132423 
0.132423 
0.132423 
0.132423 
0.132423 
0.132423 
0.132423 
0.738982 
0.738982 
0.738982 
0.738982 
0.738982 
0.738982 
0.738982 
0.738982 
0.738982 
0.738982 
0.738982 
0.738982 
0.738982 
0.202100 
0.570045 
0.570045 
0.570045 
0.570045 
0.570045 
0.570045 
0.570045 
0.570045 
0.570045 
0.570045 
0.570045 
0.337073 
0.337073 
0.697664 
0.697664 
0.697664 
0.697664 
0.697664 
0.697664 
0.697664 
0.697664 
0.697664 
0.697664 
0.542041 
0.826662 
0.826662 
0.826662 
0.826662 
0.826662 
0.826662 
0.767982 
0.767982 
0.767982 
0.767982 
0.767982 
0.767982 
0.767982 
0.767982 
0.767982 
0.767982 
0.767982 
0.767982 
0.767982 
0.447083 
0.447083 
0.447083 
0.447083 
0.447083 
0.447083 
0.447083 
0.447083 
0.447083 
0.816672 
0.816672 
0.816672 
0.586033 
0.420719 
0.420719 
0.420719 
0.661763 
0.601333 
0.601333 
0.601333 
0.601333 
0.651875 
0.303429 
0.303429 
0.303429 
0.303429 
0.303429 
0.761873 
0.451088 
0.413630 
0.413630 
0.413630 
0.687935 
0.687935 
0.687935 
0.687935 
0.687935 
0.687935 
0.922106 
0.352392 
0.352392 
0.352392 
0.947257 
0.947257 
0.947257 
0.947257 
0.947257 
0.947257 
0.947257 
0.947257 
0.947257 
0.947257 
0.947257 
0.947257 
0.947257 
0.947257 
0.947257 
0.659913 
0.435496 
0.406784 
0.437583 
0.435697 
0.748319 
0.748319 
0.748319 
0.748319 
0.748319 
0.748319 
0.748319 
0.748319 
0.748319 
0.490140 
0.905460 
0.905460 
0.955527 
0.735389 
0.735389 
0.735389 
0.735389 
0.735389 
0.735389 
0.710058 
0.710058 
0.710058 
0.802082 
0.802082 
0.802082 
0.802082 
0.802082 
0.802082 
0.802082 
0.802082 
0.802082 
0.802082 
0.802082 
0.802082 
0.802082 
0.802082 
0.802082 
0.802082 
0.802082 
0.802082 
0.802082 
0.802082 
0.802082 
0.802082 
0.802082 
0.802082 
0.790568 
0.790568 
0.790568 
0.790568 
0.790568 
0.572998 
0.572998 
0.572998 
0.572998 
0.823176 
0.823176 
0.355656 
0.355656 
0.355656 
0.586964 
0.769333 
0.355888 
0.478654 
0.478654 
0.478654 
0.478654 
0.478654 
0.478654 
0.942457 
0.692023 
0.576343 
0.879261 
0.879261 
0.879261 
0.879261 
0.879261 
0.879261 
0.653142 
0.426171 
0.426171 
0.426171 
0.436872 
0.436872 
0.804290 
0.855958 
0.855958 
0.855958 
0.404683 
0.404683 
0.404683 
0.404683 
0.404683 
0.404683 
0.404683 
0.404683 
0.543629 
0.543629 
0.543629 
0.543629 
0.543629 
0.543629 
0.175479 
0.175479 
0.175479 
0.468246 
0.536979 
0.373379 
0.373379 
0.373379 
0.373379 
0.373379 
0.373379 
0.373379 
0.373379 
0.373379 
0.373379 
0.373379 
0.373379 
0.471181 
0.471181 
0.471181 
0.471181 
0.471181 
0.471181 
0.695265 
0.695265 
0.803969 
0.803969 
0.803969 
0.803969 
0.803969 
0.803969 
0.803969 
0.803969 
0.803969 
0.803969 
0.639063 
0.815022 
0.815022 
0.257231 
0.509444 
0.509444 
0.509444 
0.748821 
0.748821 
0.751624 
0.751624 
0.751624 
0.751624 
0.751624 
0.800578 
0.594757 
0.547699 
0.547699 
0.547699 
0.547699 
0.547699 
0.727673 
0.827057 
0.543564 
0.543564 
0.543564 
0.543564 
0.543564 
0.819303 
0.819303 
0.819303 
0.819303 
0.601651 
0.601651 
0.601651 
0.601651 
0.601651 
0.601651 
0.476418 
0.476418 
0.476418 
0.476418 
0.476418 
0.540992 
0.540992 
0.540992 
0.540992 
0.540992 
0.768305 
0.768305 
0.768305 
0.768305 
0.768305 
0.768305 
0.532146 
0.532146 
0.532146 
0.532146 
0.532146 
0.532146 
0.532146 
0.532146 
0.532146 
0.532146 
0.585737 
0.585737 
0.785928 
0.785928 
0.785928 
0.834133 
0.881468 
0.881468 
0.679037 
0.679037 
0.679037 
0.452821 
0.452821 
0.452821 
0.452821 
0.452821 
0.452821 
0.452821 
0.452821 
0.390665 
0.329038 
0.511660 
0.511660 
0.511660 
0.511660 
0.511660 
0.511660 
0.839466 
0.839466 
0.839466 
0.839466 
0.900028 
0.940798 
0.940798 
0.940798 
0.940798 
0.940798 
0.940798 
0.940798 
0.940798 
0.940798 
0.940798 
0.940798 
0.685922 
0.685922 
0.685922 
0.685922 
0.685922 
0.685922 
0.685922 
0.563022 
0.307968 
0.307968 
0.592722 
0.250126 
0.250126 
0.250126 
0.250126 
0.250126 
0.250126 
0.403185 
0.906123 
0.906123 
0.523238 
0.626455 
0.626455 
0.626455 
0.626455 
0.608192 
0.608192 
0.608192 
0.608192 
0.608192 
0.608192 
0.608192 
0.608192 
0.608192 
0.608192 
0.608192 
0.608192 
0.410794 
0.660097 
0.640870 
0.640870 
0.640870 
0.640870 
0.640870 
0.640870 
0.640870 
0.640870 
0.157098 
0.157098 
0.620479 
0.710172 
0.710172 
0.653607 
0.653607 
0.653607 
0.653607 
0.653607 
0.653607 
0.653607 
0.653607 
0.653607 
0.413010 
0.413010 
0.497947 
0.497947 
0.497947 
0.497947 
0.497947 
0.497947 
0.497947 
0.827356 
0.827356 
0.827356 
0.827356 
0.827356 
0.827356 
0.496249 
0.496249 
0.496249 
0.455129 
0.455129 
0.561338 
0.561338 
0.561338 
0.760567 
0.760567 
0.760567 
0.760567 
0.760567 
0.844108 
0.808997 
0.554753 
0.689518 
0.622108 
0.622108 
0.622108 
0.684834 
0.684834 
0.313054 
0.313054 
0.313054 
0.313054 
0.313054 
0.313054 
0.434362 
0.562532 
0.562532 
0.562532 
0.562532 
0.854697 
0.522269 
0.522269 
0.522269 
0.522269 
0.522269 
0.547711 
0.547711 
0.547711 
0.547711 
0.547711 
0.547711 
0.547711 
0.501079 
0.501079 
0.383740 
0.383740 
0.383740 
0.383740 
0.383740 
0.383740 
0.383740 
0.383740 
0.383740 
0.383740 
0.616622 
0.616622 
0.616622 
0.616622 
0.616622 
0.616622 
0.616622 
0.616622 
0.616622 
0.616622 
0.616622 
0.616622 
0.616622 
0.616622 
0.188692 
0.188692 
0.188692 
0.753825 
0.594545 
0.448165 
0.525422 
0.525422 
0.749959 
0.749959 
0.309774 
0.309774 
0.309774 
0.309774 
0.309774 
0.290730 
0.582899 
0.797019 
0.797019 
0.797019 
0.797019 
0.797019 
0.797019 
0.797019 
0.797019 
0.797019 
0.797019 
0.797019 
0.366710 
0.488882 
0.488882 
0.488882 
0.488882 
0.488882 
0.625148 
0.587591 
0.614237 
0.405763 
0.405763 
0.608634 
0.608634 
0.608634 
0.608634 
0.608634 
0.608634 
0.608634 
0.608634 
0.608634 
0.608634 
0.608634 
0.666387 
0.666387 
0.915006 
0.915006 
0.915006 
0.617734 
0.617734 
0.617734 
0.617734 
0.617734 
0.617734 
0.617734 
0.617734 
0.617734 
0.617734 
0.617734 
0.617734 
0.617734 
0.617734 
0.617734 
0.714753 
0.714753 
0.714753 
0.714753 
0.714753 
0.714753 
0.882108 
0.882108 
0.882108 
0.882108 
0.882108 
0.882108 
0.882108 
0.882108 
0.882108 
0.882108 
0.882108 
0.757701 
0.757701 
0.757701 
0.757701 
0.757701 
0.757701 
0.757701 
0.757701 
0.757701 
0.757701 
0.757701 
0.757701 
0.757701 
0.757701 
0.757701 
0.757701 
0.757701 
0.757701 
0.757701 
0.757701 
0.656320 
0.656320 
0.906235 
0.906235 
0.906235 
0.906235 
0.906235 
0.906235 
0.906235 
0.906235 
0.906235 
0.682994 
0.682994 
0.682994 
0.560975 
0.560975 
0.560975 
0.560975 
0.586257 
0.396419 
0.396419 
0.396419 
0.524415 
0.524415 
0.524415 
0.524415 
0.780488 
0.780488 
0.919000 
0.919000 
0.919000 
0.919000 
0.432800 
0.432800 
0.432800 
0.432800 
0.432800 
0.334917 
0.334917 
0.334917 
0.334917 
0.608702 
0.608702 
0.863663 
0.863663 
0.863663 
0.863663 
0.674867 
0.674867 
0.377944 
0.377944 
0.377944 
0.377944 
0.377944 
0.377944 
0.377944 
0.377944 
0.787556 
0.686645 
0.686645 
0.686645 
0.686645 
0.686645 
0.686645 
0.719600 
0.449387 
0.449387 
0.382392 
0.382392 
0.382392 
0.382392 
0.382392 
0.382392 
0.382392 
0.539554 
0.539554 
0.539554 
0.539554 
0.539554 
0.539554 
0.202142 
0.728865 
0.728865 
0.728865 
0.728865 
0.728865 
0.728865 
0.728865 
0.728865 
0.728865 
0.728865 
0.728865 
0.728865 
0.728865 
0.728865 
0.728865 
0.728865 
0.446487 
0.446487 
0.446487 
0.816451 
0.816451 
0.816451 
0.816451 
0.816451 
0.816451 
0.816451 
0.641413 
0.741882 
0.741882 
0.801109 
0.801109 
0.801109 
0.801109 
0.639762 
0.639762 
0.761439 
0.712875 
0.712875 
0.495125 
0.495125 
0.495125 
0.494891 
0.494891 
0.494891 
0.610250 
0.610250 
0.546498 
0.546498 
0.546498 
0.546498 
0.546498 
0.546498 
0.538814 
0.538814 
0.538814 
0.875886 
0.844117 
0.844117 
0.844117 
0.844117 
0.786466 
0.786466 
0.786466 
0.786466 
0.786466 
0.786466 
0.786466 
0.786466 
0.786466 
0.786466 
0.786466 
0.749349 
0.749349 
0.749349 
0.749349 
0.850161 
0.664958 
0.664958 
0.664958 
0.664958 
0.664958 
0.664958 
0.389180 
0.912919 
0.406430 
0.406430 
0.406430 
0.406430 
0.406430 
0.291960 
0.291960 
0.291960 
0.291960 
0.291960 
0.291960 
0.291960 
0.776609 
0.776609 
0.776609 
0.776609 
0.776609 
0.667687 
0.667687 
0.667687 
0.667687 
0.667687 
0.667687 
0.667687 
0.667687 
0.667687 
0.667687 
0.667687 
0.667687 
0.667687 
0.687424 
0.687424 
0.359684 
0.359684 
0.359684 
0.359684 
0.087934 
0.087934 
0.087934 
0.087934 
0.765826 
0.765826 
0.765826 
0.765826 
0.765826 
0.909116 
0.909116 
0.909116 
0.909116 
0.909116 
0.909116 
0.909116 
0.909116 
0.909116 
0.714456 
0.869980 
0.869980 
0.745309 
0.745309 
0.679796 
0.679796 
0.679796 
0.947856 
0.599250 
0.873587 
0.873587 
0.372122 
0.372122 
0.372122 
0.372122 
0.891550 
0.658388 
0.568434 
0.568434 
0.568434 
0.568434 
0.158561 
0.587348 
0.587348 
0.590942 
0.590942 
0.590942 
0.677147 
0.201613 
0.201613 
0.576897 
0.576897 
0.576897 
0.576897 
0.487069 
0.487069 
0.487069 
0.487069 
0.680073 
0.680073 
0.516920 
0.917873 
0.889884 
0.889884 
0.889884 
0.518773 
0.518773 
0.518773 
0.518773 
0.417382 
0.417382 
0.417382 
0.417382 
0.417382 
0.417382 
0.417382 
0.417382 
0.189299 
0.189299 
0.189299 
0.189299 
0.189299 
0.189299 
0.189299 
0.189299 
0.189299 
0.189299 
0.189299 
0.189299 
0.189299 
0.189299 
0.189299 
0.189299 
0.189299 
0.189299 
0.189299 
0.787875 
0.787875 
0.787875 
0.787875 
0.787875 
0.787875 
0.656652 
0.656652 
0.656652 
0.796628 
0.796628 
0.796628 
0.796628 
0.796628 
0.796628 
0.796628 
0.329511 
0.825447 
0.825447 
0.825447 
0.825447 
0.825447 
0.684368 
0.425106 
0.425106 
0.425106 
0.425106 
0.500987 
0.500987 
0.500987 
0.671437 
0.671437 
0.671437 
0.697481 
0.697481 
0.697481 
0.690381 
0.690381 
0.690381 
0.690381 
0.690381 
0.693244 
0.892355 
0.892355 
0.590134 
0.590134 
0.590134 
0.590134 
0.590134 
0.725978 
0.725978 
0.725978 
0.725978 
0.725978 
0.725978 
0.865285 
0.837270 
0.837270 
0.837270 
0.867766 
0.668668 
0.668668 
0.451117 
0.451117 
0.871918 
0.871918 
0.871918 
0.871918 
0.512125 
0.512125 
0.512125 
0.512125 
0.849424 
0.409701 
0.409701 
0.409701 
0.409701 
0.409701 
0.409701 
0.627003 
0.436282 
0.436282 
0.436282 
0.436282 
0.436282 
0.436282 
0.436282 
0.436282 
0.436282 
0.436282 
0.436282 
0.436361 
0.436361 
0.484596 
0.484596 
0.484596 
0.484596 
0.484596 
0.484596 
0.484596 
0.484596 
0.520596 
0.565474 
0.162033 
0.162033 
0.162033 
0.162033 
0.683434 
0.683434 
0.683434 
0.683434 
0.683434 
0.683434 
0.683434 
0.683434 
0.683434 
0.683434 
0.683434 
0.565753 
0.565753 
0.565753 
0.565753 
0.304382 
0.304382 
0.304382 
0.570982 
0.890326 
0.890326 
0.890326 
0.279335 
0.279335 
0.279335 
0.279335 
0.279335 
0.279335 
0.279335 
0.279335 
0.279335 
0.279335 
0.279335 
0.279335 
0.279335 
0.279335 
0.337662 
0.337662 
0.337662 
0.337662 
0.337662 
0.337662 
0.337662 
0.337662 
0.337662 
0.337662 
0.337662 
0.337662 
0.576001 
0.576001 
0.576001 
0.576001 
0.576001 
0.576001 
0.709708 
0.709708 
0.605202 
0.881003 
0.881003 
0.881003 
0.881003 
0.881003 
0.881003 
0.881003 
0.881003 
0.881003 
0.881003 
0.881003 
0.881003 
0.286714 
0.704178 
0.704178 
0.704178 
0.704178 
0.704178 
0.704178 
0.704178 
0.704178 
0.704178 
0.704178 
0.704178 
0.704178 
0.852369 
0.852369 
0.852369 
0.852369 
0.852369 
0.714902 
0.593335 
0.658603 
0.658603 
0.658603 
0.658603 
0.485177 
0.485177 
0.485177 
0.542613 
0.322332 
0.322332 
0.696732 
0.637717 
0.637717 
0.637717 
0.751073 
0.705894 
0.755521 
0.755521 
0.755521 
0.755521 
0.755521 
0.755521 
0.755521 
0.781640 
0.781640 
0.781640 
0.359664 
0.359664 
0.567071 
0.539830 
0.539830 
0.300238 
0.300238 
0.300238 
0.499635 
0.499635 
0.499635 
0.499635 
0.499635 
0.499635 
0.499635 
0.499635 
0.499635 
0.310958 
0.777700 
0.777700 
0.777700 
0.370977 
0.533278 
0.533278 
0.242308 
0.242308 
0.242308 
0.242308 
0.242308 
0.242308 
0.721635 
0.721635 
0.941871 
0.941871 
0.941871 
0.941871 
0.941871 
0.941871 
0.941871 
0.941871 
0.659159 
0.659159 
0.659159 
0.659159 
0.659159 
0.390882 
0.390882 
0.390882 
0.390882 
0.675486 
0.675486 
0.675486 
0.675486 
0.675486 
0.675486 
0.675486 
0.675486 
0.675486 
0.675486 
0.675486 
0.675486 
0.675486 
0.675486 
0.675486 
0.675486 
0.675486 
0.968330 
0.710235 
0.710235 
0.710235 
0.710235 
0.710235 
0.710235 
0.416157 
0.416157 
0.416157 
0.416157 
0.416157 
0.416157 
0.416157 
0.416157 
0.416157 
0.416157 
0.416157 
0.416157 
0.416157 
0.416157 
0.416157 
0.416157 
0.416157 
0.416157 
0.470841 
0.586379 
0.586379 
0.586379 
0.586379 
0.771227 
0.771227 
0.444603 
0.444603 
0.444603 
0.483999 
0.637980 
0.529463 
0.529463 
0.529463 
0.529463 
0.529463 
0.529463 
0.421044 
0.421044 
0.767148 
0.767148 
0.479762 
0.479762 
0.479762 
0.561708 
0.561708 
0.878295 
0.742941 
0.742941 
0.326856 
0.326856 
0.326856 
0.326856 
0.326856 
0.326856 
0.326856 
0.326856 
0.326856 
0.326856 
0.326856 
0.326856 
0.326856 
0.326856 
0.326856 
0.632403 
0.632403 
0.582682 
0.582682 
0.582682 
0.582682 
0.732308 
0.732308 
0.732308 
0.732308 
0.153967 
0.153967 
0.365298 
0.365298 
0.365298 
0.186901 
0.186901 
0.186901 
0.186901 
0.322574 
0.322574 
0.322574 
0.782533 
0.782533 
0.782533 
0.782533 
0.782533 
0.851422 
0.851422 
0.612235 
0.612235 
0.612235 
0.612235 
0.612235 
0.824147 
0.824147 
0.914861 
0.888765 
0.888765 
0.888765 
0.731535 
0.854848 
0.942473 
0.942473 
0.942473 
0.942473 
0.942473 
0.942473 
0.942473 
0.361719 
0.361719 
0.361719 
0.681430 
0.681430 
0.681430 
0.681430 
0.681430 
0.681430 
0.681430 
0.838163 
0.838163 
0.584858 
0.584858 
0.584858 
0.770277 
0.770277 
0.770277 
0.770277 
0.770277 
0.770277 
0.770277 
0.770277 
0.675911 
0.583847 
0.583847 
0.583847 
0.583847 
0.583847 
0.583847 
0.583847 
0.583847 
0.583847 
0.583847 
0.820182 
0.820182 
0.820182 
0.723099 
0.723099 
0.723099 
0.723099 
0.674098 
0.674098 
0.674098 
0.674098 
0.694948 
0.694948 
0.694948 
0.694948 
0.694948 
0.694948 
0.694948 
0.694948 
0.694948 
0.694948 
0.694948 
0.694948 
0.694948 
0.694948 
0.694948 
0.694948 
0.291098 
0.839477 
0.839477 
0.839477 
0.839477 
0.839477 
0.839477 
0.839477 
0.839477 
0.622235 
0.622235 
0.622235 
0.622235 
0.622235 
0.622235 
0.622235 
0.123208 
0.123208 
0.123208 
0.123208 
0.123208 
0.123208 
0.732398 
0.732398 
0.728637 
0.728637 
0.728637 
0.728637 
0.728637 
0.668513 
0.668513 
0.668513 
0.668513 
0.668513 
0.668513 
0.668513 
0.668513 
0.668513 
0.668513 
0.668513 
0.668513 
0.668513 
0.668513 
0.668513 
0.878380 
0.878380 
0.878380 
0.878380 
0.986605 
0.557077 
0.557077 
0.557077 
0.557077 
0.614307 
0.614307 
0.614307 
0.614307 
0.614307 
0.614307 
0.614307 
0.614307 
0.614307 
0.375056 
0.420080 
0.420080 
0.295557 
0.295557 
0.295557 
0.295557 
0.750521 
0.750521 
0.742280 
0.742280 
0.742280 
0.742280 
0.742280 
0.742280 
0.742280 
0.742280 
0.742280 
0.742280 
0.742280 
0.673660 
0.673660 
0.673660 
0.673660 
0.673660 
0.673660 
0.752345 
0.752345 
0.752345 
0.332023 
0.332023 
0.332023 
0.838476 
0.838476 
0.838476 
0.838476 
0.838476 
0.620647 
0.620647 
0.163234 
0.163234 
0.759926 
0.759926 
0.759926 
0.759926 
0.759926 
0.736077 
0.304558 
0.304558 
0.304558 
0.304558 
0.304558 
0.304558 
0.304558 
0.304558 
0.304558 
0.304558 
0.304558 
0.304558 
0.838294 
0.838294 
0.838294 
0.838294 
0.838294 
0.838294 
0.903259 
0.903259 
0.903259 
0.903259 
0.903259 
0.903259 
0.583944 
0.583944 
0.583944 
0.583944 
0.583944 
0.401554 
0.401554 
0.487883 
0.487883 
0.736665 
0.736665 
0.736665 
0.736665 
0.736665 
0.495846 
0.495846 
0.495846 
0.846448 
0.125466 
0.125466 
0.288427 
0.288427 
0.288427 
0.861233 
0.861233 
0.591754 
0.591754 
0.591754 
0.335836 
0.335836 
0.335836 
0.335836 
0.335836 
0.335836 
0.335836 
0.335836 
0.335836 
0.335836 
0.335836 
0.830455 
0.830455 
0.737276 
0.737276 
0.737276 
0.737276 
0.598651 
0.598651 
0.598651 
0.504972 
0.504972 
0.504972 
0.504972 
0.945975 
0.945975 
0.945975 
0.945975 
0.812155 
0.812155 
0.812155 
0.812155 
0.892476 
0.892476 
0.892476 
0.892476 
0.892476 
0.443090 
0.443090 
0.443090 
0.443090 
0.249380 
0.249380 
0.249380 
0.249380 
0.249380 
0.249380 
0.249380 
0.249380 
0.249380 
0.249380 
0.249380 
0.249380 
0.347538 
0.347538 
0.309598 
0.309598 
0.309598 
0.309598 
0.139187 
0.139187 
0.322273 
0.322273 
0.322273 
0.322273 
0.322273 
0.840654 
0.840654 
0.212092 
0.212092 
0.815538 
0.815538 
0.815538 
0.815538 
0.815538 
0.320860 
0.320860 
0.320860 
0.320860 
0.320860 
0.320860 
0.320860 
0.320860 
0.320860 
0.320860 
0.488972 
0.488972 
0.488972 
0.488972 
0.666117 
0.666117 
0.384241 
0.384241 
0.384241 
0.384241 
0.384241 
0.384241 
0.384241 
0.812296 
0.632040 
0.632040 
0.632040 
0.632040 
0.632040 
0.632040 
0.632040 
0.826663 
0.826663 
0.826663 
0.584623 
0.584623 
0.584623 
0.584623 
0.584623 
0.584623 
0.584623 
0.584623 
0.584623 
0.584623 
0.130596 
0.130596 
0.130596 
0.130596 
0.130596 
0.130596 
0.130596 
0.270734 
0.270734 
0.270734 
0.270734 
0.242122 
0.242122 
0.242122 
0.853013 
0.853013 
0.853013 
0.374873 
0.293920 
0.812387 
0.812387 
0.812387 
0.829452 
0.829452 
0.829452 
0.829452 
0.829452 
0.829452 
0.865318 
0.865318 
0.364021 
0.364021 
0.364021 
0.364021 
0.364021 
0.364021 
0.364021 
0.828037 
0.828037 
0.828037 
0.828037 
0.828037 
0.828037 
0.828037 
0.828037 
0.828037 
0.828037 
0.828037 
0.713199 
0.713199 
0.713199 
0.654936 
0.654936 
0.654936 
0.654936 
0.654936 
0.654936 
0.808676 
0.808676 
0.808676 
0.621831 
0.621831 
0.621831 
0.551968 
0.551968 
0.551968 
0.551968 
0.551968 
0.551968 
0.551968 
0.551968 
0.968669 
0.741862 
0.741862 
0.741862 
0.772189 
0.821475 
0.337221 
0.337221 
0.890005 
0.741218 
0.741218 
0.741218 
0.741218 
0.741218 
0.472263 
0.472263 
0.472263 
0.472263 
0.604961 
0.963384 
0.505535 
0.643744 
0.643744 
0.643744 
0.643744 
0.643744 
0.532780 
0.532780 
0.532780 
0.532780 
0.532780 
0.532780 
0.532780 
0.532780 
0.397923 
0.397923 
0.397923 
0.520528 
0.520528 
0.520528 
0.960805 
0.960805 
0.960805 
0.960805 
0.501551 
0.501551 
0.501551 
0.485294 
0.880893 
0.880893 
0.716945 
0.716945 
0.668502 
0.668502 
0.668502 
0.668502 
0.668502 
0.668502 
0.668502 
0.668502 
0.449032 
0.449032 
0.449032 
0.485523 
0.485523 
0.485523 
0.485523 
0.712730 
0.712730 
0.712730 
0.435343 
0.435343 
0.273715 
0.191002 
0.191002 
0.191002 
0.191002 
0.191002 
0.707799 
0.801121 
0.801121 
0.801121 
0.801121 
0.811423 
0.811423 
0.811423 
0.811423 
0.811423 
0.524880 
0.524880 
0.524880 
0.524880 
0.524880 
0.524880 
0.524880 
0.661218 
0.661218 
0.389880 
0.867429 
0.867429 
0.553622 
0.553622 
0.553622 
0.553622 
0.925953 
0.925953 
0.925953 
0.925953 
0.925953 
0.751359 
0.602244 
0.602244 
0.343742 
0.876744 
0.876744 
0.876744 
0.876744 
0.876744 
0.876744 
0.876744 
0.876744 
0.876744 
0.876744 
0.271853 
0.271853 
0.713479 
0.713479 
0.713479 
0.713479 
0.713479 
0.713479 
0.713479 
0.713479 
0.713479 
0.713479 
0.713479 
0.847674 
0.847674 
0.847674 
0.371390 
0.371390 
0.371390 
0.371390 
0.371390 
0.371390 
0.371390 
0.371390 
0.371390 
0.436810 
0.436810 
0.436810 
0.662155 
0.662155 
0.662155 
0.936622 
0.503730 
0.321220 
0.321220 
0.321220 
0.321220 
0.321220 
0.689306 
0.689306 
0.689306 
0.689306 
0.689306 
0.689306 
0.689306 
0.689306 
0.689306 
0.802626 
0.802626 
0.250784 
0.250784 
0.250784 
0.250784 
0.250784 
0.819862 
0.759115 
0.759115 
0.759115 
0.759115 
0.626588 
0.626588 
0.451127 
0.302066 
0.302066 
0.412880 
0.412880 
0.412880 
0.412880 
0.412880 
0.856259 
0.856259 
0.856259 
0.856259 
0.856259 
0.856259 
0.856259 
0.856259 
0.856259 
0.570435 
0.726128 
0.174271 
0.174271 
0.661227 
0.661227 
0.614341 
0.614341 
0.685066 
0.685066 
0.685066 
0.685066 
0.476334 
0.476334 
0.476334 
0.476334 
0.627258 
0.627258 
0.892166 
0.892166 
0.892166 
0.507432 
0.507432 
0.507432 
0.507432 
0.876513 
0.876513 
0.542023 
0.542023 
0.600574 
0.600574 
0.600574 
0.600574 
0.616619 
0.616619 
0.616619 
0.616619 
0.875969 
0.875969 
0.875969 
0.875969 
0.875969 
0.875969 
0.875969 
0.875969 
0.875969 
0.875969 
0.875969 
0.875969 
0.875969 
0.875969 
0.875969 
0.631481 
0.631481 
0.631481 
0.631124 
0.631124 
0.631124 
0.631124 
0.631124 
0.631124 
0.631124 
0.616269 
0.487686 
0.595327 
0.595327 
0.693590 
0.693590 
0.827420 
0.321900 
0.321900 
0.321900 
0.321900 
0.587224 
0.587224 
0.600530 
0.600530 
0.600530 
0.600530 
0.435143 
0.435143 
0.435143 
0.435143 
0.435143 
0.708233 
0.698811 
0.698811 
0.698811 
0.698811 
0.698811 
0.406250 
0.406250 
0.406250 
0.406250 
0.406250 
0.406250 
0.406250 
0.406250 
0.406250 
0.682794 
0.682794 
0.682794 
0.682794 
0.740412 
0.740412 
0.741346 
0.967068 
0.967068 
0.604359 
0.604359 
0.604359 
0.604359 
0.589395 
0.589395 
0.589395 
0.589395 
0.589395 
0.589395 
0.569527 
0.569527 
0.569527 
0.569527 
0.621911 
0.621911 
0.376888 
0.376888 
0.376888 
0.376888 
0.376888 
0.376888 
0.376888 
0.376888 
0.376888 
0.376888 
0.667921 
0.667921 
0.591383 
0.591383 
0.591383 
0.591383 
0.591383 
0.709235 
0.614118 
0.614118 
0.614118 
0.614118 
0.614118 
0.355750 
0.355750 
0.355750 
0.668546 
0.668546 
0.668546 
0.668546 
0.668546 
0.668546 
0.735266 
0.735266 
0.742218 
0.742218 
0.696976 
0.696976 
0.696976 
0.696976 
0.696976 
0.696976 
0.696976 
0.696976 
0.696976 
0.696976 
0.696976 
0.250798 
0.250798 
0.887097 
0.887097 
0.887097 
0.518643 
0.518643 
0.518643 
0.518643 
0.935509 
0.935509 
0.935509 
0.935509 
0.935509 
0.935509 
0.935509 
0.935509 
0.742506 
0.742506 
0.189128 
0.189128 
0.189128 
0.189128 
0.189128 
0.189128 
0.189128 
0.189128 
0.189128 
0.189128 
0.189128 
0.189128 
0.189128 
0.720762 
0.720762 
0.540773 
0.540773 
0.540773 
0.273700 
0.706928 
0.706928 
0.706928 
0.428774 
0.428774 
0.428774 
0.428774 
0.428774 
0.428774 
0.428774 
0.350967 
0.350967 
0.350967 
0.350967 
0.350967 
0.350967 
0.350967 
0.350967 
0.350967 
0.310980 
0.310980 
0.310980 
0.310980 
0.310980 
0.816716 
0.816716 
0.737749 
0.604658 
0.604658 
0.639104 
0.639104 
0.639104 
0.639104 
0.639104 
0.639104 
0.639104 
0.431739 
0.703315 
0.703315 
0.825043 
0.825043 
0.825043 
0.825043 
0.706959 
0.713602 
0.713602 
0.713602 
0.713602 
0.713602 
0.659278 
0.659278 
0.712806 
0.712806 
0.972851 
0.972851 
0.972851 
0.972851 
0.972851 
0.972851 
0.972851 
0.972851 
0.972851 
0.972851 
0.972851 
0.972851 
0.972851 
0.972851 
0.852487 
0.379619 
0.379619 
0.556846 
0.556846 
0.556846 
0.556846 
0.556846 
0.556846 
0.556846 
0.556846 
0.556846 
0.556846 
0.556846 
0.556846 
0.556846 
0.764473 
0.764473 
0.764473 
0.764473 
0.764473 
0.764473 
0.764473 
0.764473 
0.764473 
0.764473 
0.764473 
0.867387 
0.867387 
0.370935 
0.370935 
0.388242 
0.388242 
0.388242 
0.258829 
0.258829 
0.824751 
0.824751 
0.824751 
0.824751 
0.824751 
0.824751 
0.824751 
0.824751 
0.824751 
0.824751 
0.824751 
0.824751 
0.824751 
0.824751 
0.824751 
0.824751 
0.824751 
0.420450 
0.420450 
0.420450 
0.420450 
0.420450 
0.691999 
0.691999 
0.691999 
0.691999 
0.691999 
0.691999 
0.648486 
0.648486 
0.648486 
0.648486 
0.895662 
0.895662 
0.895662 
0.895662 
0.895662 
0.895662 
0.895662 
0.895662 
0.895662 
0.895662 
0.185677 
0.185677 
0.185677 
0.185677 
0.185677 
0.185677 
0.185677 
0.185677 
0.185677 
0.185677 
0.185677 
0.185677 
0.185677 
0.185677 
0.185677 
0.185677 
0.185677 
0.185677 
0.185677 
0.185677 
0.767310 
0.339408 
0.339408 
0.339408 
0.339948 
0.298928 
0.298928 
0.298928 
0.298928 
0.452875 
0.452875 
0.452875 
0.452875 
0.723354 
0.309292 
0.309292 
0.309292 
0.563243 
0.563243 
0.539327 
0.539327 
0.365681 
0.472894 
0.472894 
0.557209 
0.557209 
0.557209 
0.557209 
0.569447 
0.569447 
0.569447 
0.569447 
0.882203 
0.882203 
0.882203 
0.882203 
0.882203 
0.882203 
0.882203 
0.669086 
0.669086 
0.669086 
0.646530 
0.646530 
0.646530 
0.646530 
0.646530 
0.646530 
0.646530 
0.646530 
0.646530 
0.646530 
0.646530 
0.646530 
0.526634 
0.526634 
0.795526 
0.795526 
0.795526 
0.795526 
0.795526 
0.795526 
0.795526 
0.795526 
0.795526 
0.729395 
0.729395 
0.729395 
0.729395 
0.729395 
0.729395 
0.729395 
0.729395 
0.302542 
0.302542 
0.302542 
0.302542 
0.302542 
0.302542 
0.212294 
0.212294 
0.212294 
0.212294 
0.212294 
0.684141 
0.684141 
0.684141 
0.401398 
0.720613 
0.521600 
0.521600 
0.594888 
0.594888 
0.594888 
0.594888 
0.594888 
0.594888 
0.594888 
0.594888 
0.594888 
0.594888 
0.594888 
0.648707 
0.648707 
0.648707 
0.624694 
0.756432 
0.756432 
0.756432 
0.756432 
0.756432 
0.788747 
0.788747 
0.788747 
0.788747 
0.788747 
0.169027 
0.412747 
0.646194 
0.646194 
0.646194 
0.646194 
0.646194 
0.646194 
0.646194 
0.646194 
0.465593 
0.465593 
0.633402 
0.633402 
0.633402 
0.776468 
0.776468 
0.776468 
0.776468 
0.776468 
0.776468 
0.776468 
0.510204 
0.510204 
0.510204 
0.510204 
0.510204 
0.510204 
0.510204 
0.510204 
0.510204 
0.833762 
0.833762 
0.833762 
0.668195 
0.765896 
0.530624 
0.530624 
0.256585 
0.256585 
0.256585 
0.256585 
0.256585 
0.256585 
0.256585 
0.256585 
0.256585 
0.256585 
0.256585 
0.256585 
0.256585 
0.256585 
0.256585 
0.256585 
0.256585 
0.256585 
0.256585 
0.808025 
0.808025 
0.808025 
0.678039 
0.678039 
0.678039 
0.215150 
0.215150 
0.215150 
0.215150 
0.215150 
0.806649 
0.806649 
0.806649 
0.806649 
0.806649 
0.806649 
0.806649 
0.806649 
0.806649 
0.806649 
0.806649 
0.622875 
0.622875 
0.622875 
0.635173 
0.635173 
0.635173 
0.635173 
0.635173 
0.635173 
0.635173 
0.635173 
0.635173 
0.635173 
0.635173 
0.416698 
0.722320 
0.722320 
0.722320 
0.722320 
0.722320 
0.722320 
0.551566 
0.551566 
0.748700 
0.616602 
0.607457 
0.607457 
0.607457 
0.821842 
0.821842 
0.821842 
0.821842 
0.482330 
0.630021 
0.630021 
0.630021 
0.630021 
0.630021 
0.551182 
0.848400 
0.848400 
0.848400 
0.848400 
0.848400 
0.630436 
0.630436 
0.630436 
0.630436 
0.922364 
0.922364 
0.922364 
0.922364 
0.922364 
0.922364 
0.830716 
0.830716 
0.734711 
0.734711 
0.734711 
0.734711 
0.800232 
0.576681 
0.576681 
0.576681 
0.576681 
0.576681 
0.576681 
0.576681 
0.576681 
0.576681 
0.576681 
0.576681 
0.576681 
0.576681 
0.730531 
0.730531 
0.730531 
0.730531 
0.730531 
0.730531 
0.730531 
0.730531 
0.730531 
0.730531 
0.730531 
0.730531 
0.730531 
0.735838 
0.735838 
0.447523 
0.447523 
0.447523 
0.863316 
0.863316 
0.863316 
0.364342 
0.364342 
0.808931 
0.808931 
0.808931 
0.622179 
0.622179 
0.771292 
0.479541 
0.479541 
0.479541 
0.706535 
0.706535 
0.706535 
0.940795 
0.940795 
0.940795 
0.940795 
0.940795 
0.940795 
0.129200 
0.129200 
0.129200 
0.865635 
0.401948 
0.401948 
0.401948 
0.724708 
0.724708 
0.724708 
0.724708 
0.724708 
0.724708 
0.873964 
0.873964 
0.873964 
0.873964 
0.873964 
0.642754 
0.281589 
0.281589 
0.478723 
0.478723 
0.478723 
0.478723 
0.478723 
0.478723 
0.478723 
0.478723 
0.478723 
0.478723 
0.501454 
0.501454 
0.563975 
0.563975 
0.605663 
0.605663 
0.605663 
0.605663 
0.586684 
0.586684 
0.586684 
0.586684 
0.433774 
0.392369 
0.497567 
0.497567 
0.497567 
0.497567 
0.497567 
0.497567 
0.497567 
0.497567 
0.497567 
0.497567 
0.497567 
0.497567 
0.497567 
0.497567 
0.497567 
0.497567 
0.640355 
0.640355 
0.640355 
0.569244 
0.569244 
0.569244 
0.569244 
0.531826 
0.531826 
0.531826 
0.531826 
0.531826 
0.531826 
0.531826 
0.531826 
0.531826 
0.531826 
0.531826 
0.531826 
0.673348 
0.673348 
0.673348 
0.733361 
0.906495 
0.906495 
0.747224 
0.747224 
0.747224 
0.747224 
0.747224 
0.747224 
0.753326 
0.753326 
0.753326 
0.753326 
0.753326 
0.753326 
0.873781 
0.873781 
0.873781 
0.647388 
0.238859 
0.238859 
0.238859 
0.617360 
0.617360 
0.617360 
0.617360 
0.617360 
0.617360 
0.944770 
0.944770 
0.772350 
0.772350 
0.772350 
0.772350 
0.772350 
0.772350 
0.772350 
0.772350 
0.772350 
0.772350 
0.639638 
0.840929 
0.840929 
0.840929 
0.840929 
0.528594 
0.378065 
0.664370 
0.519998 
0.519998 
0.519998 
0.519998 
0.519998 
0.519998 
0.713075 
0.808701 
0.808701 
0.808701 
0.808701 
0.385898 
0.385898 
0.630646 
0.630646 
0.630646 
0.302379 
0.302379 
0.361516 
0.361516 
0.361516 
0.361516 
0.662892 
0.780528 
0.780528 
0.780528 
0.780528 
0.491509 
0.491509 
0.491509 
0.491509 
0.806178 
0.806178 
0.806178 
0.806178 
0.806178 
0.806178 
0.488716 
0.488716 
0.488716 
0.366242 
0.366242 
0.366242 
0.366242 
0.658799 
0.658799 
0.437797 
0.437797 
0.437797 
0.437797 
0.437797 
0.437797 
0.437797 
0.500452 
0.500452 
0.500452 
0.500452 
0.500452 
0.836920 
0.836920 
0.668899 
0.668899 
0.668899 
0.668899 
0.457147 
0.457147 
0.473055 
0.473055 
0.103937 
0.860684 
0.627828 
0.627828 
0.760557 
0.637165 
0.637165 
0.637165 
0.637165 
0.637165 
0.637165 
0.637165 
0.637165 
0.637165 
0.637165 
0.446585 
0.446585 
0.446585 
0.446585 
0.879494 
0.879494 
0.443796 
0.443796 
0.374646 
0.374646 
0.374646 
0.374646 
0.374646 
0.374646 
0.750873 
0.750873 
0.853561 
0.853561 
0.853561 
0.665987 
0.841613 
0.841613 
0.841613 
0.841613 
0.716475 
0.677489 
0.677489 
0.677489 
0.379250 
0.379250 
0.379250 
0.505326 
0.785406 
0.785406 
0.785406 
0.704643 
0.687646 
0.529075 
0.529075 
0.529075 
0.529075 
0.342089 
0.342089 
0.342089 
0.675321 
0.675321 
0.675321 
0.231388 
0.679301 
0.810820 
0.810820 
0.810820 
0.264683 
0.264683 
0.264683 
0.264683 
0.264683 
0.929673 
0.929673 
0.929673 
0.929673 
0.929673 
0.929673 
0.929673 
0.455126 
0.395248 
0.976380 
0.976380 
0.410108 
0.410108 
0.410108 
0.410108 
0.410108 
0.846663 
0.846663 
0.846663 
0.846663 
0.846663 
0.846663 
0.846663 
0.846663 
0.846663 
0.846663 
0.419844 
0.419844 
0.419844 
0.419844 
0.419844 
0.439093 
0.439093 
0.761928 
0.761928 
0.761928 
0.761928 
0.761928 
0.761928 
0.769737 
0.840615 
0.840615 
0.277130 
0.818529 
0.529447 
0.529447 
0.438249 
0.438249 
0.541530 
0.541530 
0.541530 
0.541530 
0.541530 
0.541530 
0.566367 
0.569706 
0.569706 
0.494295 
0.494295 
0.494295 
0.494295 
0.494295 
0.494295 
0.494295 
0.494295 
0.494295 
0.494295 
0.494295 
0.494295 
0.494295 
0.494295 
0.494295 
0.494295 
0.494295 
0.261481 
0.261481 
0.518835 
0.518835 
0.518835 
0.296131 
0.296131 
0.296131 
0.286353 
0.728204 
0.728204 
0.728204 
0.501022 
0.501022 
0.501022 
0.546135 
0.312318 
0.312318 
0.713267 
0.713267 
0.313308 
0.313308 
0.313308 
0.313308 
0.313308 
0.451635 
0.451635 
0.477762 
0.477762 
0.477762 
0.863786 
0.863786 
0.836568 
0.389381 
0.389381 
0.389381 
0.817975 
0.817975 
0.817975 
0.817975 
0.817975 
0.817975 
0.817975 
0.817975 
0.817975 
0.672954 
0.672954 
0.672954 
0.732810 
0.732810 
0.499426 
0.499426 
0.499426 
0.097472 
0.381564 
0.381564 
0.381564 
0.381564 
0.381564 
0.381564 
0.778082 
0.778082 
0.630489 
0.630489 
0.630489 
0.630489 
0.630489 
0.630489 
0.630489 
0.630489 
0.549732 
0.549732 
0.549732 
0.744563 
0.744563 
0.744563 
0.475282 
0.475282 
0.475282 
0.475282 
0.341271 
0.333072 
0.333072 
0.333072 
0.654979 
0.654979 
0.654979 
0.654979 
0.906583 
0.906583 
0.906583 
0.906583 
0.906583 
0.906583 
0.906583 
0.906583 
0.893914 
0.893914 
0.893914 
0.070094 
0.070094 
0.070094 
0.070094 
0.070094 
0.070094 
0.070094 
0.070094 
0.739047 
0.739047 
0.739047 
0.739047 
0.739047 
0.739047 
0.739047 
0.739047 
0.739047 
0.739047 
0.739047 
0.739047 
0.739047 
0.739047 
0.739047 
0.921278 
0.921278 
0.335901 
0.335901 
0.335901 
0.478904 
0.658171 
0.658171 
0.658171 
0.658171 
0.658171 
0.763600 
0.763600 
0.763600 
0.763600 
0.763600 
0.704333 
0.715972 
0.715972 
0.715972 
0.611549 
0.611549 
0.611549 
0.611549 
0.611549 
0.611549 
0.611549 
0.611549 
0.891515 
0.891515 
0.891515 
0.891515 
0.891515 
0.891515 
0.817352 
0.817352 
0.817352 
0.817352 
0.817352 
0.817352 
0.817352 
0.817352 
0.817352 
0.817352 
0.817352 
0.478446 
0.772419 
0.772419 
0.544185 
0.544185 
0.544185 
0.544185 
0.544185 
0.544185 
0.544185 
0.643008 
0.643008 
0.643008 
0.643008 
0.643008 
0.643008 
0.643008 
0.643008 
0.643008 
0.643008 
0.643008 
0.981759 
0.981759 
0.745349 
0.745349 
0.745349 
0.846705 
0.846705 
0.846705 
0.770248 
0.770248 
0.770248 
0.740231 
0.740231 
0.740231 
0.740231 
0.740231 
0.655399 
0.655399 
0.655399 
0.357006 
0.844711 
0.844711 
0.844711 
0.844711 
0.844711 
0.844711 
0.844711 
0.844711 
0.844711 
0.712489 
0.712489 
0.712489 
0.138537 
0.138537 
0.475850 
0.475850 
0.475850 
0.475850 
0.475850 
0.287582 
0.287582 
0.473056 
0.473056 
0.473056 
0.473056 
0.473056 
0.289780 
0.289780 
0.658314 
0.658314 
0.788979 
0.586528 
0.586528 
0.586528 
0.586528 
0.354705 
0.672025 
0.672025 
0.672025 
0.368223 
0.368223 
0.368223 
0.368223 
0.368223 
0.368223 
0.368223 
0.368223 
0.368223 
0.368223 
0.368223 
0.398422 
0.398422 
0.398422 
0.398422 
0.398422 
0.833538 
0.833538 
0.833538 
0.833538 
0.833538 
0.833538 
0.833538 
0.601923 
0.601923 
0.533543 
0.873879 
0.812845 
0.839991 
0.721483 
0.721483 
0.721483 
0.721483 
0.577018 
0.577018 
0.577018 
0.577018 
0.625146 
0.625146 
0.293151 
0.293151 
0.293151 
0.293151 
0.293151 
0.293151 
0.736864 
0.736864 
0.736864 
0.736864 
0.824429 
0.824429 
0.824429 
0.354182 
0.354182 
0.354182 
0.354182 
0.870130 
0.870130 
0.870130 
0.870130 
0.870130 
0.870130 
0.870130 
0.870130 
0.870130 
0.510968 
0.510968 
0.510968 
0.510968 
0.825208 
0.825208 
0.825208 
0.825208 
0.825208 
0.885240 
0.885240 
0.585248 
0.585248 
0.585248 
0.585248 
0.585248 
0.585248 
0.797934 
0.797934 
0.797934 
0.797934 
0.797934 
0.221499 
0.221499 
0.221499 
0.556930 
0.556930 
0.372562 
0.372562 
0.372562 
0.372562 
0.372562 
0.372562 
0.372562 
0.372562 
0.577076 
0.577076 
0.653082 
0.841641 
0.841641 
0.841641 
0.288247 
0.708550 
0.708550 
0.708550 
0.708550 
0.708550 
0.708550 
0.911552 
0.911552 
0.911552 
0.494087 
0.494087 
0.494087 
0.494087 
0.494087 
0.494087 
0.771622 
0.752483 
0.752483 
0.752483 
0.735242 
0.735242 
0.735242 
0.735242 
0.735242 
0.735242 
0.735242 
0.735242 
0.735242 
0.735242 
0.735242 
0.451256 
0.451256 
0.451256 
0.451256 
0.451256 
0.451256 
0.451256 
0.451256 
0.451256 
0.525399 
0.525399 
0.960086 
0.960086 
0.960086 
0.960086 
0.960086 
0.960086 
0.881763 
0.881763 
0.676376 
0.676376 
0.676376 
0.754981 
0.754981 
0.754981 
0.303419 
0.303419 
0.214558 
0.214558 
0.214558 
0.412700 
0.412700 
0.558856 
0.627890 
0.627890 
0.627890 
0.627890 
0.627890 
0.627890 
0.229638 
0.592474 
0.592474 
0.592474 
0.592474 
0.592474 
0.592474 
0.592474 
0.592474 
0.592474 
0.423722 
0.423722 
0.695225 
0.695225 
0.596426 
0.640098 
0.640098 
0.640098 
0.640098 
0.640098 
0.640098 
0.640098 
0.320074 
0.320074 
0.320074 
0.320074 
0.320074 
0.320074 
0.562135 
0.562135 
0.650943 
0.286168 
0.286168 
0.286168 
0.286168 
0.286168 
0.741786 
0.731582 
0.731582 
0.731582 
0.731582 
0.731582 
0.731582 
0.731582 
0.630400 
0.828737 
0.828737 
0.828737 
0.731263 
0.711640 
0.711640 
0.711640 
0.413696 
0.863967 
0.863967 
0.863967 
0.863967 
0.421410 
0.421410 
0.421410 
0.237458 
0.237458 
0.237458 
0.237458 
0.237458 
0.237458 
0.303534 
0.303534 
0.303534 
0.326519 
0.326519 
0.326519 
0.868705 
0.868705 
0.765222 
0.765222 
0.833458 
0.545403 
0.545403 
0.545403 
0.545403 
0.323670 
0.323670 
0.323670 
0.323670 
0.323670 
0.323670 
0.538653 
0.538653 
0.757157 
0.757157 
0.757157 
0.757157 
0.757157 
0.757157 
0.757157 
0.761562 
0.761562 
0.761562 
0.761562 
0.761562 
0.761562 
0.761562 
0.761562 
0.761562 
0.673273 
0.673273 
0.673273 
0.352777 
0.352777 
0.352777 
0.352777 
0.352777 
0.352777 
0.352777 
0.352777 
0.352777 
0.636014 
0.636014 
0.636014 
0.636014 
0.636014 
0.636014 
0.636014 
0.636014 
0.636014 
0.636014 
0.636014 
0.636014 
0.636014 
0.636014 
0.636014 
0.677305 
0.677305 
0.677305 
0.677305 
0.677305 
0.677305 
0.677305 
0.677305 
0.677305 
0.677305 
0.748605 
0.380997 
0.380997 
0.916007 
0.474896 
0.474896 
0.474896 
0.474896 
0.474896 
0.474896 
0.909847 
0.702392 
0.702392 
0.702392 
0.612526 
0.612526 
0.859506 
0.480546 
0.480546 
0.480546 
0.480546 
0.480546 
0.481740 
0.519600 
0.519600 
0.744188 
0.954035 
0.954035 
0.362879 
0.362879 
0.362879 
0.362879 
0.362879 
0.362879 
0.362879 
0.607110 
0.356818 
0.356818 
0.734936 
0.734936 
0.734936 
0.256461 
0.337199 
0.337199 
0.337199 
0.337199 
0.337199 
0.337199 
0.337199 
0.337199 
0.337199 
0.337199 
0.579666 
0.579666 
0.790316 
0.790316 
0.790316 
0.790316 
0.799927 
0.799927 
0.799927 
0.436642 
0.436642 
0.436642 
0.557305 
0.904673 
0.904673 
0.904673 
0.904673 
0.442170 
0.704010 
0.704010 
0.704010 
0.704010 
0.379384 
0.749581 
0.749581 
0.749581 
0.332815 
0.498934 
0.498934 
0.784272 
0.784272 
0.784272 
0.648727 
0.648727 
0.648727 
0.648727 
0.648727 
0.839056 
0.388039 
0.388039 
0.388039 
0.388039 
0.388039 
0.388039 
0.388039 
0.388039 
0.394002 
0.394002 
0.394002 
0.394002 
0.394002 
0.394002 
0.817386 
0.817386 
0.817386 
0.459833 
0.459833 
0.459833 
0.876829 
0.876829 
0.876829 
0.167371 
0.954463 
0.954463 
0.608209 
0.608209 
0.608209 
0.533170 
0.533170 
0.800934 
0.600313 
0.600313 
0.600313 
0.680820 
0.680820 
0.762474 
0.762474 
0.587155 
0.587155 
0.587155 
0.587155 
0.587155 
0.587155 
0.478841 
0.478841 
0.478841 
0.478841 
0.694341 
0.818764 
0.818764 
0.818764 
0.818764 
0.903897 
0.903897 
0.903897 
0.903897 
0.903897 
0.903897 
0.903897 
0.903897 
0.903897 
0.903897 
0.903897 
0.903897 
0.903897 
0.961317 
0.961317 
0.961317 
0.961317 
0.961317 
0.961317 
0.961317 
0.961317 
0.692882 
0.692882 
0.692882 
0.692882 
0.692882 
0.692882 
0.764553 
0.764553 
0.764553 
0.906789 
0.834185 
0.209340 
0.209340 
0.209340 
0.209340 
0.209340 
0.209340 
0.209340 
0.209340 
0.740598 
0.699017 
0.699017 
0.699017 
0.699017 
0.699017 
0.699017 
0.699017 
0.625725 
0.625725 
0.625725 
0.625725 
0.625725 
0.332359 
0.332359 
0.761659 
0.761659 
0.761659 
0.761659 
0.761659 
0.761659 
0.761659 
0.761659 
0.761659 
0.761659 
0.761659 
0.761659 
0.607419 
0.077030 
0.077030 
0.077030 
0.692958 
0.489225 
0.489225 
