100 1.173752519462779 2.9214611898297056
1000 1.6868911830774522 3.0166677277236364
10000 1.8264476425347713 3.0188718328692814
100000 1.8513638347102996 3.018324402451979
316 1.4221497035684547 2.993174722461297
3162 1.8050491146418681 3.0167005224842645
31622 1.8368982466372288 3.0212856525636753
100 1.173752519462779 2.9214611898297056
1000 1.6868911830774522 3.0166677277236364
10000 1.8264476425347713 3.0188718328692814
100000 1.8513638347102996 3.018324402451979
316 1.4221497035684547 2.993174722461297
3162 1.8050491146418681 3.0167005224842645
31622 1.8368982466372288 3.0212856525636753
316 1.4221497035684547 2.993174722461297
3162 1.8050491146418681 3.0167005224842645
31622 1.8368982466372288 3.0212856525636753
316 1.4221497035684547 2.993174722461297
3162 1.8050491146418681 3.0167005224842645
31622 1.8368982466372288 3.0212856525636753
316 1.4221497035684547 2.993174722461297
3162 1.8050491146418681 3.0167005224842645
31622 1.8368982466372288 3.0212856525636753
316 1.4221497035684547 2.993174722461297
3162 1.8050491146418681 3.0167005224842645
31622 1.8368982466372288 3.0212856525636753
3162 1.8050491146418681 3.0167005224842645
100 1.173752519462779 2.9214611898297056
1000 1.6868911830774522 3.0166677277236364
100 1.173752519462779 2.9214611898297056
1000 1.6868911830774522 3.0166677277236364
10000 1.8264476425347713 3.0188718328692814
100000 1.8513638347102996 3.018324402451979
100 2.027775916621781 -0.11176319852434502
100 2.027775916621781 -0.11176319852434502
1000 2.027775916621781 -0.11176319852434502
10000 2.027775916621781 -0.11176319852434503
100000 2.0277759166217812 -0.11176319852434502
100 2.027775916621781 -0.11176319852434502
1000 2.027775916621781 -0.11176319852434502
10000 2.027775916621781 -0.11176319852434503
100000 2.0277759166217812 -0.11176319852434502
100 1.173752519462779 2.9214611898297056
1000 1.6868911830774522 3.0166677277236364
10000 1.8264476425347713 3.0188718328692814
100000 1.8513638347102996 3.018324402451979
316 1.4221497035684547 2.993174722461297
3162 1.8050491146418681 3.0167005224842645
31622 1.8368982466372288 3.0212856525636753
100 1.8614677846327914 2.822221697760063
100 1.8614677846327914 2.822221697760063
10000 1.8618317106544606 3.015287785562031
10000 0.017089578195844397 0.5045241304137397
10000 2.027775916621781 -0.11176319852434502
10000 0.5287651012387907 1.3756202574507272
10000 1.8264476425347713 3.0188718328692814
10000 1.8618317106544606 3.015287785562031
10000 2.0432116329712438 -0.02899191804322364
10000 1.0812020431135752 1.9087526187107346
10000 1.0812020431135752 1.9087526187107346
10000 1.8264476425347713 3.0188718328692814
10000 1.0812020431135752 1.9087526187107346
100000 1.0779749050637069 1.909207417779665
100000 1.0961139097658545 1.2113124302071323
100000 1.8513638347102996 3.018324402451979
