0.486667 
0.961498 
0.961498 
0.961498 
0.961498 
0.816852 
0.816852 
0.754112 
0.998883 
0.590063 
0.590063 
0.590063 
0.921295 
0.921295 
0.921295 
0.921295 
0.921295 
0.921295 
0.708671 
0.708671 
0.875498 
0.875498 
0.875498 
0.875498 
0.875498 
0.875498 
0.875498 
0.875498 
0.901299 
0.901299 
0.901299 
0.901299 
0.901299 
0.901299 
0.901299 
0.901299 
0.958717 
0.916436 
0.916436 
0.898449 
0.898449 
0.849541 
0.792087 
0.792087 
0.792087 
0.792087 
0.792087 
0.792087 
0.800583 
0.800583 
0.800583 
0.800583 
0.481659 
0.985733 
0.985733 
0.803016 
0.803016 
0.803016 
0.756305 
0.756305 
0.756305 
0.756305 
0.756305 
0.756305 
0.756305 
0.756305 
0.756305 
0.756305 
0.756305 
0.756305 
0.969780 
0.423451 
0.423451 
0.423451 
0.423451 
0.423451 
0.992826 
0.992826 
0.992826 
0.992826 
0.992826 
0.992826 
0.992826 
0.803010 
0.803010 
0.803010 
0.803010 
0.803010 
0.803010 
0.797303 
0.848851 
0.713739 
0.985899 
0.985899 
0.798592 
0.700045 
0.918325 
0.918325 
0.535316 
0.733198 
0.733198 
0.733198 
0.287832 
0.287832 
0.287832 
0.287832 
0.287832 
0.963485 
0.802475 
0.802475 
0.802475 
0.802475 
0.802475 
0.802475 
0.802475 
0.802475 
0.802475 
0.802475 
0.802475 
0.802475 
0.802475 
0.802475 
0.802475 
0.802475 
0.897190 
0.897190 
0.897190 
0.947685 
0.947685 
0.947685 
0.947685 
0.947685 
0.947685 
0.781482 
0.781482 
0.781482 
0.781482 
0.977193 
0.977193 
0.977193 
0.977193 
0.977193 
0.620844 
0.620844 
0.620844 
0.620844 
0.620844 
0.620844 
0.620844 
0.620844 
0.620844 
0.620844 
0.620844 
0.620844 
0.811274 
0.811274 
0.811274 
0.647781 
0.647781 
0.647781 
0.647781 
0.825731 
0.825731 
0.856139 
0.856139 
0.856139 
0.856139 
0.856139 
0.856139 
0.856139 
0.856139 
0.856139 
0.856139 
0.856139 
0.856139 
0.709762 
0.709762 
0.709762 
0.598428 
0.598428 
0.598428 
0.598428 
0.598428 
0.598428 
0.867395 
0.983828 
0.983828 
0.983828 
0.478852 
0.529355 
0.529355 
0.529355 
0.529355 
0.924590 
0.924590 
0.924590 
0.942818 
0.946465 
0.946465 
0.917107 
0.420140 
0.794167 
0.794167 
0.794167 
0.794167 
0.794167 
0.794167 
0.794167 
0.794167 
0.651948 
0.651948 
0.651948 
0.651948 
0.651948 
0.651948 
0.651948 
0.651948 
0.651948 
0.651948 
0.651948 
0.819725 
0.876146 
0.876146 
0.751343 
0.751343 
0.751343 
0.751343 
0.751343 
0.751343 
0.751343 
0.751343 
0.751343 
0.751343 
0.751343 
0.751343 
0.751343 
0.859284 
0.859284 
0.671668 
0.671668 
0.671668 
0.671668 
0.671668 
0.671668 
0.835837 
0.835837 
0.835837 
0.835837 
0.488299 
0.488299 
0.488299 
0.488299 
0.488299 
0.488299 
0.488299 
0.488299 
0.488299 
0.488299 
0.488299 
0.488299 
0.488299 
0.488299 
0.488299 
0.842747 
0.842747 
0.672068 
0.956859 
0.956859 
0.986056 
0.986056 
0.986056 
0.986056 
0.461415 
0.461415 
0.461415 
0.461415 
0.461415 
0.940789 
0.937540 
0.937540 
0.937540 
0.937540 
0.937540 
0.771176 
0.771176 
0.771176 
0.829093 
0.829093 
0.829093 
0.829093 
0.829093 
0.829093 
0.829093 
0.868419 
0.868419 
0.868419 
0.868419 
0.868419 
0.868419 
0.739372 
0.739372 
0.739372 
0.739372 
0.731880 
0.593124 
0.886996 
0.886996 
0.886996 
0.947804 
0.947804 
0.947804 
0.947804 
0.947804 
0.875868 
0.875868 
0.875868 
0.875868 
0.875868 
0.777495 
0.777495 
0.777495 
0.777495 
0.700339 
0.978598 
0.840137 
0.840137 
0.840137 
0.839029 
0.839029 
0.839029 
0.839029 
0.972188 
0.972188 
0.972188 
0.972188 
0.983387 
0.832321 
0.610983 
0.839680 
0.839680 
0.987028 
0.927856 
0.927856 
0.927856 
0.624496 
0.624496 
0.624496 
0.624496 
0.815655 
0.930873 
0.930873 
0.738979 
0.738979 
0.738979 
0.796901 
0.796901 
0.796901 
0.796901 
0.796901 
0.796901 
0.796901 
0.796901 
0.796901 
0.858295 
0.858295 
0.906258 
0.906258 
0.906258 
0.906258 
0.906258 
0.906258 
0.906258 
0.906258 
0.721287 
0.721287 
0.721287 
0.688015 
0.688015 
0.688015 
0.688015 
0.718178 
0.692520 
0.692520 
0.825238 
0.825238 
0.825238 
0.825238 
0.825238 
0.825238 
0.632704 
0.632704 
0.943998 
0.943998 
0.943998 
0.943998 
0.969509 
0.969509 
0.969509 
0.862501 
0.997335 
0.997335 
0.997335 
0.829004 
0.829004 
0.829004 
0.829004 
0.829004 
0.829004 
0.829004 
0.829004 
0.829004 
0.944385 
0.974652 
0.974652 
0.974652 
0.974652 
0.974652 
0.974652 
0.972388 
0.972388 
0.972388 
0.972388 
0.703525 
0.703525 
0.642869 
0.642869 
0.642869 
0.642869 
0.611946 
0.611946 
0.611946 
0.611946 
0.888519 
0.888519 
0.888519 
0.888519 
0.885375 
0.885375 
0.884061 
0.884061 
0.884061 
0.884061 
0.884061 
0.749199 
0.876345 
0.876345 
0.876345 
0.876345 
0.876345 
0.876345 
0.876345 
0.876345 
0.876345 
0.904911 
0.904911 
0.904911 
0.904911 
0.940149 
0.940149 
0.940149 
0.940149 
0.940149 
0.940149 
0.940149 
0.814722 
0.769988 
0.769988 
0.769988 
0.769988 
0.769988 
0.769988 
0.769988 
0.370824 
0.370824 
0.370824 
0.370824 
0.983192 
0.983192 
0.909409 
0.839324 
0.839324 
0.839324 
0.839324 
0.839324 
0.903680 
0.903680 
0.826096 
0.814586 
0.814586 
0.814586 
0.814586 
0.784289 
0.784289 
0.784289 
0.853764 
0.853764 
0.853764 
0.853764 
0.952718 
0.843814 
0.843814 
0.843814 
0.843814 
0.843814 
0.843814 
0.843814 
0.843814 
0.843814 
0.843814 
0.843814 
0.843814 
0.843814 
0.885273 
0.935971 
0.935971 
0.896990 
0.859150 
0.859150 
0.395702 
0.395702 
0.608758 
0.608758 
0.892113 
0.892113 
0.780202 
0.591167 
0.591167 
0.591167 
0.948072 
0.948072 
0.948072 
0.948072 
0.948072 
0.948072 
0.621531 
0.621531 
0.621531 
0.761467 
0.985431 
0.784654 
0.784654 
0.832403 
0.759839 
0.759839 
0.759839 
0.617755 
0.617755 
0.945241 
0.945241 
0.945241 
0.945241 
0.945241 
0.584408 
0.584408 
0.909428 
0.754624 
0.754624 
0.754624 
0.754624 
0.754624 
0.754624 
0.754624 
0.754624 
0.754624 
0.754624 
0.674482 
0.674482 
0.674482 
0.849723 
0.849723 
0.849723 
0.849723 
0.849723 
0.855078 
0.892684 
0.892684 
0.892684 
0.892684 
0.892684 
0.892684 
0.724881 
0.724881 
0.703221 
0.703221 
0.774543 
0.774543 
0.774543 
0.989821 
0.989821 
0.989821 
0.989821 
0.989821 
0.989821 
0.989821 
0.961499 
0.961499 
0.961499 
0.961499 
0.961499 
0.657354 
0.819525 
0.819525 
0.819525 
0.941950 
0.941950 
0.941950 
0.941950 
0.941950 
0.941950 
0.977684 
0.977684 
0.977684 
0.977684 
0.977684 
0.977684 
0.977684 
0.977684 
0.977684 
0.977684 
0.977684 
0.977684 
0.977684 
0.977684 
0.689978 
0.689978 
0.819389 
0.819389 
0.819389 
0.819389 
0.610959 
0.610959 
0.610959 
0.812329 
0.657164 
0.657164 
0.657164 
0.657164 
0.657164 
0.962693 
0.962693 
0.962693 
0.893058 
0.893058 
0.893058 
0.893058 
0.862739 
0.862739 
0.844038 
0.844038 
0.844038 
0.844038 
0.844038 
0.844038 
0.844038 
0.844038 
0.844038 
0.844038 
0.844038 
0.844038 
0.844038 
0.844038 
0.844038 
0.844038 
0.850336 
0.701107 
0.823719 
0.823719 
0.879323 
0.879323 
0.729586 
0.729586 
0.729586 
0.729586 
0.729586 
0.729586 
0.729586 
0.895717 
0.895717 
0.895717 
0.957980 
0.957980 
0.957980 
0.957980 
0.957980 
0.474275 
0.474275 
0.474275 
0.474275 
0.474275 
0.474275 
0.831935 
0.831935 
0.831935 
0.831935 
0.831935 
0.831935 
0.831935 
0.831935 
0.958060 
0.958060 
0.958060 
0.958060 
0.958060 
0.958060 
0.958060 
0.958060 
0.859322 
0.859322 
0.859322 
0.859322 
0.859322 
0.859322 
0.859322 
0.949325 
0.981398 
0.981398 
0.981398 
0.981398 
0.981398 
0.981398 
0.981398 
0.884963 
0.993784 
0.944971 
0.944971 
0.944971 
0.944971 
0.944971 
0.944971 
0.944971 
0.944971 
0.944971 
0.944971 
0.944971 
0.944971 
0.941590 
0.941590 
0.941590 
0.941590 
0.941590 
0.896082 
0.896082 
0.507758 
0.507758 
0.507758 
0.977237 
0.977237 
0.977237 
0.904614 
0.904614 
0.904614 
0.904614 
0.904614 
0.844226 
0.725650 
0.968556 
0.968556 
0.968556 
0.968556 
0.968556 
0.968556 
0.968556 
0.968556 
0.779694 
0.970988 
0.961410 
0.898519 
0.898519 
0.898519 
0.898519 
0.965777 
0.803126 
0.803126 
0.803126 
0.960789 
0.698924 
0.944231 
0.944231 
0.944231 
0.944231 
0.770931 
0.943661 
0.896210 
0.896210 
0.896210 
0.896210 
0.757156 
0.757156 
0.991502 
0.991502 
0.991502 
0.991502 
0.998964 
0.998964 
0.998964 
0.998964 
0.998964 
0.872647 
0.872647 
0.872647 
0.872647 
0.872647 
0.813527 
0.813527 
0.813527 
0.813527 
0.813527 
0.813527 
0.813527 
0.813527 
0.813527 
0.842324 
0.842324 
0.842324 
0.842324 
0.842324 
0.842324 
0.842324 
0.842324 
0.977913 
0.977913 
0.540066 
0.823440 
0.823440 
0.823440 
0.823440 
0.823440 
0.823440 
0.823440 
0.823440 
0.823440 
0.823440 
0.823440 
0.967175 
0.967175 
0.967175 
0.684155 
0.684155 
0.918591 
0.448240 
0.448240 
0.448240 
0.448240 
0.700813 
0.700813 
0.700813 
0.952456 
0.952456 
0.952456 
0.913397 
0.418882 
0.418882 
0.418882 
0.418882 
0.418882 
0.418882 
0.418882 
0.988746 
0.988746 
0.988746 
0.988746 
0.988746 
0.499796 
0.499796 
0.499796 
0.499796 
0.499796 
0.882565 
0.738182 
0.738182 
0.842173 
0.886278 
0.606233 
0.979337 
0.979337 
0.979337 
0.979337 
0.979337 
0.979337 
0.902473 
0.991435 
0.991435 
0.991435 
0.991435 
0.629370 
0.629370 
0.629370 
0.629370 
0.629370 
0.629370 
0.629370 
0.964712 
0.964712 
0.964712 
0.716482 
0.959091 
0.959091 
0.959091 
0.959091 
0.641738 
0.641738 
0.641738 
0.768102 
0.998007 
0.998007 
0.881412 
0.881412 
0.881412 
0.881412 
0.881412 
0.881412 
0.881412 
0.777283 
0.777283 
0.777283 
0.777283 
0.777283 
0.777283 
0.777283 
0.777283 
0.777283 
0.908714 
0.908714 
0.908714 
0.908714 
0.908714 
0.549136 
0.549136 
0.965285 
0.965285 
0.965285 
0.965285 
0.965285 
0.965285 
0.965285 
0.965285 
0.965285 
0.965285 
0.965285 
0.468381 
0.468381 
0.468381 
0.295966 
0.295966 
0.295966 
0.810305 
0.810305 
0.810305 
0.748950 
0.748950 
0.748950 
0.869830 
0.869830 
0.869830 
0.880247 
0.880247 
0.817517 
0.817517 
0.817517 
0.875771 
0.875771 
0.875771 
0.875771 
0.875771 
0.875771 
0.889164 
0.889164 
0.889164 
0.889164 
0.889164 
0.889164 
0.889164 
0.889164 
0.889164 
0.448800 
0.448800 
0.448800 
0.653436 
0.653436 
0.653436 
0.653436 
0.653436 
0.901629 
0.901629 
0.833552 
0.702212 
0.702212 
0.702212 
0.597848 
0.597848 
0.654176 
0.960317 
0.960317 
0.960317 
0.837047 
0.837047 
0.837047 
0.837047 
0.837047 
0.837047 
0.837047 
0.808032 
0.756374 
0.756374 
0.756374 
0.756374 
0.756374 
0.756374 
0.756374 
0.885640 
0.885640 
0.885640 
0.885640 
0.885640 
0.885640 
0.887033 
0.887033 
0.598988 
0.598988 
0.598988 
0.598988 
0.598988 
0.598988 
0.598988 
0.598988 
0.598988 
0.979223 
0.979223 
0.979223 
0.799993 
0.799993 
0.799993 
0.799993 
0.876007 
0.725094 
0.969205 
0.969205 
0.966210 
0.987878 
0.559526 
0.559526 
0.559526 
0.559526 
0.559526 
0.559526 
0.559526 
0.559526 
0.879354 
0.879354 
0.946525 
0.946525 
0.880743 
0.754283 
0.754283 
0.754283 
0.776442 
0.676634 
0.676634 
0.676634 
0.676634 
0.676634 
0.804615 
0.804615 
0.804615 
0.797638 
0.797638 
0.797638 
0.797638 
0.797638 
0.797638 
0.797638 
0.855469 
0.855469 
0.855469 
0.855469 
0.864160 
0.864160 
0.864160 
0.928624 
0.928624 
0.928624 
0.928624 
0.928624 
0.928624 
0.944669 
0.944669 
0.676753 
0.948873 
0.722415 
0.722415 
0.722415 
0.722415 
0.722415 
0.961998 
0.817411 
0.817411 
0.817411 
0.817411 
0.817411 
0.817411 
0.817411 
0.668198 
0.668198 
0.655421 
0.655421 
0.655421 
0.655421 
0.874509 
0.874509 
0.874509 
0.874509 
0.874509 
0.874509 
0.874509 
0.874509 
0.882274 
0.885237 
0.885237 
0.885237 
0.885237 
0.976628 
0.976628 
0.866284 
0.794651 
0.794651 
0.794651 
0.794651 
0.794651 
0.794651 
0.794651 
0.794651 
0.794651 
0.794651 
0.650080 
0.408302 
0.408302 
0.711547 
0.707232 
0.991843 
0.991843 
0.991843 
0.991843 
0.991843 
0.797075 
0.684849 
0.684849 
0.684849 
0.684849 
0.684849 
0.684849 
0.684849 
0.684849 
0.684849 
0.684849 
0.684849 
0.684849 
0.684849 
0.684849 
0.684849 
0.684849 
0.684849 
0.688211 
0.688211 
0.688211 
0.688211 
0.688211 
0.574372 
0.574372 
0.574372 
0.574372 
0.574372 
0.574372 
0.906673 
0.906673 
0.906673 
0.777081 
0.777081 
0.777081 
0.777081 
0.833543 
0.949418 
0.967231 
0.967231 
0.956519 
0.956519 
0.956519 
0.956519 
0.956519 
0.956519 
0.956519 
0.956519 
0.956519 
0.736031 
0.736031 
0.736031 
0.736031 
0.736031 
0.736031 
0.962670 
0.962670 
0.962670 
0.714574 
0.714574 
0.714574 
0.819297 
0.819297 
0.819297 
0.508479 
0.975236 
0.577475 
0.577475 
0.577475 
0.401693 
0.724778 
0.730812 
0.730812 
0.730812 
0.659223 
0.659223 
0.659223 
0.667232 
0.667232 
0.667232 
0.667232 
0.667232 
0.667232 
0.973393 
0.928865 
0.928865 
0.928865 
0.928865 
0.928865 
0.683286 
0.683286 
0.683286 
0.962206 
0.962206 
0.962206 
0.751343 
0.751343 
0.884745 
0.884745 
0.884745 
0.884745 
0.769614 
0.769614 
0.769614 
0.769614 
0.769614 
0.769614 
0.769614 
0.769614 
0.769614 
0.769614 
0.769614 
0.883953 
0.934960 
0.876632 
0.954341 
0.954341 
0.694664 
0.694664 
0.694664 
0.694664 
0.694664 
0.694664 
0.694664 
0.694664 
0.694664 
0.694664 
0.814294 
0.611243 
0.611243 
0.611243 
0.611243 
0.866237 
0.866237 
0.976896 
0.353869 
0.353869 
0.353869 
0.893688 
0.893688 
0.893688 
0.893688 
0.893688 
0.893688 
0.893688 
0.543226 
0.571612 
0.959666 
0.976860 
0.369228 
0.862224 
0.987060 
0.987060 
0.987060 
0.931581 
0.931581 
0.931581 
0.689749 
0.893075 
0.893075 
0.893075 
0.952618 
0.586002 
0.885109 
0.995646 
0.995646 
0.995646 
0.995646 
0.955612 
0.817402 
0.943003 
0.861161 
0.861161 
0.861161 
0.861161 
0.861161 
0.861161 
0.861161 
0.861161 
0.861161 
0.796587 
0.796587 
0.796587 
0.796587 
0.796587 
0.796587 
0.796587 
0.796587 
0.796587 
0.796587 
0.796587 
0.796587 
0.796587 
0.796587 
0.796587 
0.796587 
0.796587 
0.913749 
0.920960 
0.920960 
0.920960 
0.920960 
0.920960 
0.920960 
0.920960 
0.920960 
0.906297 
0.906297 
0.906297 
0.906297 
0.906297 
0.906297 
0.906297 
0.906297 
0.906297 
0.792519 
0.792519 
0.792519 
0.840570 
0.929114 
0.929114 
0.845970 
0.845970 
0.845970 
0.845970 
0.917342 
0.917342 
0.917342 
0.917342 
0.917342 
0.994157 
0.994157 
0.994157 
0.435623 
0.435623 
0.923012 
0.873083 
0.873083 
0.818991 
0.938097 
0.938097 
0.806704 
0.806704 
0.806704 
0.806704 
0.806704 
0.806704 
0.806704 
0.806704 
0.806704 
0.806704 
0.806704 
0.806704 
0.978130 
0.978130 
0.978130 
0.978130 
0.978130 
0.978130 
0.978130 
0.978130 
0.978130 
0.865871 
0.834595 
0.834595 
0.958520 
0.958520 
0.958520 
0.958520 
0.662748 
0.662748 
0.662748 
0.662748 
0.662748 
0.662748 
0.662748 
0.662748 
0.662748 
0.662748 
0.662748 
0.662748 
0.662748 
0.662748 
0.662748 
0.662748 
0.760198 
0.796375 
0.796375 
0.796375 
0.796375 
0.796375 
0.796375 
0.796375 
0.972014 
0.972014 
0.972014 
0.972014 
0.972014 
0.972014 
0.972014 
0.972014 
0.972014 
0.548462 
0.548462 
0.548462 
0.548462 
0.548462 
0.548462 
0.548462 
0.548462 
0.548462 
0.548462 
0.548462 
0.548462 
0.396176 
0.396176 
0.396176 
0.396176 
0.972635 
0.564078 
0.689179 
0.689179 
0.689179 
0.689179 
0.689179 
0.872302 
0.872302 
0.872302 
0.743819 
0.743819 
0.743819 
0.743819 
0.618387 
0.618387 
0.973296 
0.973296 
0.973296 
0.936758 
0.936758 
0.624183 
0.624183 
0.624183 
0.960156 
0.960156 
0.960156 
0.960156 
0.960156 
0.960156 
0.960156 
0.960156 
0.926428 
0.926428 
0.926428 
0.926428 
0.926428 
0.926428 
0.850898 
0.850898 
0.850898 
0.895354 
0.895354 
0.995076 
0.683932 
0.683932 
0.683932 
0.683932 
0.683932 
0.692166 
0.692166 
0.692166 
0.836243 
0.836243 
0.856115 
0.856115 
0.997459 
0.997459 
0.997459 
0.817753 
0.861401 
0.861401 
0.861401 
0.861401 
0.861401 
0.881556 
0.881556 
0.881556 
0.881556 
0.898623 
0.861538 
0.861538 
0.861538 
0.861538 
0.861538 
0.997137 
0.997137 
0.973237 
0.973237 
0.973237 
0.973237 
0.814163 
0.702816 
0.702816 
0.415114 
0.415114 
0.415114 
0.415114 
0.415114 
0.512449 
0.512449 
0.512449 
0.849105 
0.512679 
0.512679 
0.836787 
0.422532 
0.422532 
0.422532 
0.422532 
0.647132 
0.647132 
0.647132 
0.647132 
0.965410 
0.965410 
0.965410 
0.965410 
0.965410 
0.965410 
0.965410 
0.965410 
0.909203 
0.909203 
0.909203 
0.909203 
0.909203 
0.909203 
0.715408 
0.715408 
0.715408 
0.715408 
0.715408 
0.756683 
0.756683 
0.811658 
0.703199 
0.973382 
0.973382 
0.973382 
0.973382 
0.967852 
0.967852 
0.622370 
0.622370 
0.903274 
0.903274 
0.903274 
0.903274 
0.903274 
0.903274 
0.903274 
0.903274 
0.909416 
0.693869 
0.898982 
0.980277 
0.980277 
0.561992 
0.561992 
0.919172 
0.919172 
0.942951 
0.942951 
0.926066 
0.892484 
0.892484 
0.892484 
0.892484 
0.892484 
0.892484 
0.892484 
0.994565 
0.994565 
0.994565 
0.994565 
0.994565 
0.994565 
0.994565 
0.994565 
0.994565 
0.994565 
0.883236 
0.883236 
0.883236 
0.883236 
0.883236 
0.883236 
0.883236 
0.365044 
0.365044 
0.365044 
0.365044 
0.365044 
0.365044 
0.365044 
0.690652 
0.690652 
0.690652 
0.690652 
0.690652 
0.690652 
0.690652 
0.690652 
0.690652 
0.690652 
0.938808 
0.938808 
0.948867 
0.948867 
0.948867 
0.948867 
0.948867 
0.948867 
0.948867 
0.948867 
0.948861 
0.948861 
0.666817 
0.666817 
0.666817 
0.716540 
0.716540 
0.665824 
0.665824 
0.665824 
0.665824 
0.665824 
0.665824 
0.665824 
0.665824 
0.789318 
0.789318 
0.789318 
0.789318 
0.789318 
0.789318 
0.789318 
0.789318 
0.969606 
0.969606 
0.969606 
0.969606 
0.969606 
0.969606 
0.969606 
0.969606 
0.657900 
0.657900 
0.657900 
0.657900 
0.994267 
0.858334 
0.858334 
0.858334 
0.876445 
0.876445 
0.876445 
0.876445 
0.876445 
0.876445 
0.876445 
0.876445 
0.876445 
0.876445 
0.876445 
0.876445 
0.876445 
0.911246 
0.971018 
0.971018 
0.971018 
0.971018 
0.971018 
0.971018 
0.971018 
0.853428 
0.853428 
0.839651 
0.772349 
0.772349 
0.772349 
0.785969 
0.481120 
0.481120 
0.927757 
0.927757 
0.927757 
0.927757 
0.927757 
0.927757 
0.881142 
0.932985 
0.932985 
0.932985 
0.685736 
0.685736 
0.685736 
0.685736 
0.685736 
0.685736 
0.685736 
0.919024 
0.919024 
0.919024 
0.919024 
0.919024 
0.917222 
0.917222 
0.917222 
0.917222 
0.994456 
0.788712 
0.788712 
0.788712 
0.788712 
0.788712 
0.788712 
0.788712 
0.879215 
0.879215 
0.690111 
0.659164 
0.659164 
0.891734 
0.886496 
0.886496 
0.886496 
0.983275 
0.983275 
0.983275 
0.983275 
0.983275 
0.983275 
0.578656 
0.578656 
0.578656 
0.578656 
0.578656 
0.578656 
0.578656 
0.578656 
0.578656 
0.530384 
0.530384 
0.536474 
0.610464 
0.610464 
0.610464 
0.784030 
0.784030 
0.784030 
0.784030 
0.784030 
0.784030 
0.784030 
0.784030 
0.784030 
0.610038 
0.610038 
0.610038 
0.610038 
0.610038 
0.610038 
0.610038 
0.610038 
0.610038 
0.610038 
0.610038 
0.610038 
0.610038 
0.610038 
0.610038 
0.610038 
0.912914 
0.767400 
0.767400 
0.974612 
0.974612 
0.974612 
0.974612 
0.974612 
0.974612 
0.974612 
0.457353 
0.457353 
0.282219 
0.282219 
0.800263 
0.800263 
0.800263 
0.800263 
0.800263 
0.800263 
0.800263 
0.800263 
0.800263 
0.800263 
0.800263 
0.829974 
0.829974 
0.829974 
0.829974 
0.829974 
0.906363 
0.906363 
0.906363 
0.906363 
0.906363 
0.906363 
0.947210 
0.947210 
0.947210 
0.947210 
0.947210 
0.947210 
0.947210 
0.947210 
0.810028 
0.810028 
0.810028 
0.645835 
0.645835 
0.645835 
0.645835 
0.645835 
0.639141 
0.639141 
0.639141 
0.639141 
0.639141 
0.639141 
0.639141 
0.639141 
0.639141 
0.639141 
0.639141 
0.639141 
0.639141 
0.572940 
0.572940 
0.572940 
0.572940 
0.572940 
0.572940 
0.856329 
0.856329 
0.856329 
0.856329 
0.246974 
0.246974 
0.246974 
0.246974 
0.246974 
0.246974 
0.704675 
0.704675 
0.704675 
0.704675 
0.872685 
0.872685 
0.872685 
0.872685 
0.872685 
0.872685 
0.931054 
0.931054 
0.931054 
0.931054 
0.920587 
0.920587 
0.920587 
0.920587 
0.920587 
0.920587 
0.920587 
0.920587 
0.920587 
0.920587 
0.883744 
0.883744 
0.883744 
0.542665 
0.542665 
0.542665 
0.542665 
0.542665 
0.542665 
0.542665 
0.542665 
0.542665 
0.542665 
0.542665 
0.967765 
0.967765 
0.967765 
0.967765 
0.967765 
0.967765 
0.967765 
0.967765 
0.358903 
0.358903 
0.871918 
0.995607 
0.995607 
0.995607 
0.995607 
0.995607 
0.844292 
0.711325 
0.711325 
0.583888 
0.583888 
0.583888 
0.724500 
0.724500 
0.724500 
0.724500 
0.724500 
0.646173 
0.646173 
0.646173 
0.646173 
0.508930 
0.508930 
0.508930 
0.508930 
0.836103 
0.836103 
0.836103 
0.948824 
0.948824 
0.985852 
0.739676 
0.739676 
0.739676 
0.739676 
0.739676 
0.739676 
0.739676 
0.739676 
0.739676 
0.739676 
0.904058 
0.904058 
0.904058 
0.675518 
0.828444 
0.697753 
0.697753 
0.697753 
0.697753 
0.697753 
0.912344 
0.557331 
0.865007 
0.886274 
0.886274 
0.971589 
0.725932 
0.920667 
0.920667 
0.920667 
0.920667 
0.902221 
0.964770 
0.904703 
0.595593 
0.595593 
0.595593 
0.905803 
0.905803 
0.905803 
0.852521 
0.852521 
0.852521 
0.994288 
0.917917 
0.917917 
0.917917 
0.917917 
0.917917 
0.917917 
0.917917 
0.681427 
0.681427 
0.836266 
0.643450 
0.643450 
0.643450 
0.643450 
0.894902 
0.894902 
0.894902 
0.894902 
0.894902 
0.788370 
0.788370 
0.788370 
0.788370 
0.788370 
0.788370 
0.788370 
0.788370 
0.788370 
0.219732 
0.219732 
0.219732 
0.219732 
0.219732 
0.219732 
0.219732 
0.219732 
0.219732 
0.219732 
0.219732 
0.219732 
0.825502 
0.825502 
0.825502 
0.866587 
0.823590 
0.939921 
0.889740 
0.889740 
0.889740 
0.889740 
0.889740 
0.943830 
0.943830 
0.700056 
0.700056 
0.806424 
0.806424 
0.760329 
0.760329 
0.786408 
0.786408 
0.786408 
0.930525 
0.930525 
0.930525 
0.930525 
0.810213 
0.810213 
0.810213 
0.810213 
0.810213 
0.810213 
0.810213 
0.810213 
0.810213 
0.810213 
0.810213 
0.810213 
0.810213 
0.810213 
0.810213 
0.810213 
0.812433 
0.812433 
0.902090 
0.902090 
0.902090 
0.829405 
0.829405 
0.829405 
0.829405 
0.960222 
0.960222 
0.937309 
0.937309 
0.937309 
0.937309 
0.968877 
0.968877 
0.960242 
0.960242 
0.960242 
0.960242 
0.960242 
0.960242 
0.960242 
0.960242 
0.960242 
0.960242 
0.960242 
0.915278 
0.613971 
0.763732 
0.763732 
0.763732 
0.763732 
0.976114 
0.976114 
0.976114 
0.749211 
0.749211 
0.812825 
0.607037 
0.607037 
0.607037 
0.607037 
0.984101 
0.984101 
0.984101 
0.984101 
0.984101 
0.984101 
0.850061 
0.850061 
0.850061 
0.850061 
0.690090 
0.690090 
0.690090 
0.690090 
0.690090 
0.690090 
0.690090 
0.690090 
0.690090 
0.690090 
0.690090 
0.690090 
0.690090 
0.690090 
0.690090 
0.690090 
0.887671 
0.887671 
0.887671 
0.938470 
0.458253 
0.458253 
0.458253 
0.983176 
0.983176 
0.983176 
0.716683 
0.716683 
0.928978 
0.928978 
0.928978 
0.928978 
0.928978 
0.928978 
0.928978 
0.928978 
0.928978 
0.907956 
0.907956 
0.907956 
0.907956 
0.907956 
0.986585 
0.948782 
0.948782 
0.916170 
0.916170 
0.916170 
0.838304 
0.838304 
0.838304 
0.838304 
0.838304 
0.552899 
0.552899 
0.552899 
0.552899 
0.552899 
0.552899 
0.552899 
0.936795 
0.936795 
0.936795 
0.936795 
0.663679 
0.663679 
0.856694 
0.781172 
0.781172 
0.836788 
0.836788 
0.836788 
0.836788 
0.836788 
0.836788 
0.836788 
0.836788 
0.470257 
0.470257 
0.470257 
0.470257 
0.744239 
0.514051 
0.715928 
0.983886 
0.983886 
0.927906 
0.927906 
0.927906 
0.927906 
0.927906 
0.927906 
0.884447 
0.884447 
0.547633 
0.547633 
0.755378 
0.963183 
0.963183 
0.560381 
0.560381 
0.560381 
0.761835 
0.761835 
0.761835 
0.761835 
0.839926 
0.811599 
0.811599 
0.811599 
0.976546 
0.976546 
0.976546 
0.976546 
0.976546 
0.976546 
0.976546 
0.976546 
0.858596 
0.673684 
0.823910 
0.823910 
0.823910 
0.823910 
0.823910 
0.881520 
0.881520 
0.881520 
0.881520 
0.881520 
0.881520 
0.452455 
0.452455 
0.710970 
0.914270 
0.440957 
0.440957 
0.905665 
0.971715 
0.971715 
0.971715 
0.971715 
0.971715 
0.971715 
0.971715 
0.971715 
0.971715 
0.963429 
0.963429 
0.963429 
0.963429 
0.963429 
0.796891 
0.796891 
0.675339 
0.627679 
0.799386 
0.799386 
0.799386 
0.799386 
0.799386 
0.353431 
0.353431 
0.353431 
0.353431 
0.353431 
0.353431 
0.353431 
0.353431 
0.353431 
0.353431 
0.813883 
0.813883 
0.918292 
0.948265 
0.948265 
0.948265 
0.948265 
0.948265 
0.917759 
0.917759 
0.917759 
0.917759 
0.917759 
0.896815 
0.896815 
0.896815 
0.896815 
0.896815 
0.896815 
0.896815 
0.896815 
0.896815 
0.896815 
0.896815 
0.896815 
0.896815 
0.884649 
0.712128 
0.712128 
0.712128 
0.712128 
0.975098 
0.800689 
0.800689 
0.986773 
0.986773 
0.640339 
0.640339 
0.897511 
0.897511 
0.897511 
0.916401 
0.916401 
0.916401 
0.916401 
0.937394 
0.733087 
0.733087 
0.733087 
0.733087 
0.733087 
0.733087 
0.733087 
0.733087 
0.733087 
0.733087 
0.733087 
0.733087 
0.730234 
0.730234 
0.730234 
0.730234 
0.730234 
0.730234 
0.730234 
0.730234 
0.730234 
0.730234 
0.730234 
0.730234 
0.819700 
0.819700 
0.819700 
0.819700 
0.819700 
0.819700 
0.819700 
0.819700 
0.819700 
0.998073 
0.998073 
0.998073 
0.998073 
0.519703 
0.519703 
0.519703 
0.795425 
0.795425 
0.924761 
0.924761 
0.924761 
0.857438 
0.857438 
0.857438 
0.832131 
0.995534 
0.576711 
0.576711 
0.576711 
0.576711 
0.933933 
0.933933 
0.799309 
0.799309 
0.799309 
0.750796 
0.750796 
0.750796 
0.750796 
0.750796 
0.750796 
0.750796 
0.750796 
0.750796 
0.750796 
0.750796 
0.750796 
0.750796 
0.750796 
0.750796 
0.750796 
0.750796 
0.850488 
0.850488 
0.817741 
0.817741 
0.817741 
0.817741 
0.817741 
0.817741 
0.817741 
0.876763 
0.725677 
0.953861 
0.953861 
0.953861 
0.953861 
0.953861 
0.953861 
0.953861 
0.607073 
0.607073 
0.607073 
0.607073 
0.607073 
0.607073 
0.607073 
0.607073 
0.607073 
0.607073 
0.393793 
0.393793 
0.963021 
0.816001 
0.816001 
0.689798 
0.689798 
0.675351 
0.675351 
0.675351 
0.675351 
0.675351 
0.675351 
0.675351 
0.675351 
0.901797 
0.901797 
0.993300 
0.644900 
0.644900 
0.644900 
0.644900 
0.644900 
0.644900 
0.644900 
0.836821 
0.836821 
0.966314 
0.902997 
0.902997 
0.902997 
0.902997 
0.678613 
0.898597 
0.898597 
0.898597 
0.898597 
0.964507 
0.826463 
0.826463 
0.826463 
0.826463 
0.826463 
0.826463 
0.826463 
0.651578 
0.651578 
0.651578 
0.961759 
0.961759 
0.961759 
0.961759 
0.961759 
0.961759 
0.961759 
0.961759 
0.961759 
0.961759 
0.961759 
0.961759 
0.961759 
0.961759 
0.961759 
0.961759 
0.961759 
0.888574 
0.888574 
0.647584 
0.647584 
0.776650 
0.940428 
0.940428 
0.940428 
0.940428 
0.940428 
0.940428 
0.764018 
0.764018 
0.764018 
0.764018 
0.867282 
0.867282 
0.867282 
0.775361 
0.775361 
0.775361 
0.775361 
0.775361 
0.991460 
0.991460 
0.991460 
0.991460 
0.991460 
0.702449 
0.702449 
0.946741 
0.946741 
0.946741 
0.946741 
0.709036 
0.709036 
0.709036 
0.709036 
0.709036 
0.709036 
0.709036 
0.709036 
0.709036 
0.592973 
0.592973 
0.592973 
0.902178 
0.902178 
0.967669 
0.967669 
0.967669 
0.967669 
0.657823 
0.657823 
0.657823 
0.917797 
0.917797 
0.917797 
0.917797 
0.917797 
0.917797 
0.917797 
0.951031 
0.951031 
0.951031 
0.990277 
0.990277 
0.680752 
0.680752 
0.942499 
0.942499 
0.942499 
0.546803 
0.546803 
0.546803 
0.546803 
0.546803 
0.546803 
0.790759 
0.790759 
0.790759 
0.790759 
0.790759 
0.790759 
0.866557 
0.866557 
0.651541 
0.701130 
0.701130 
0.701130 
0.442085 
0.442085 
0.786298 
0.843757 
0.843757 
0.911979 
0.911979 
0.969540 
0.969540 
0.969540 
0.952944 
0.701410 
0.701410 
0.701410 
0.677348 
0.677348 
0.677348 
0.677348 
0.677348 
0.677348 
0.790762 
0.790762 
0.790762 
0.813945 
0.813945 
0.813945 
0.813945 
0.777574 
0.777574 
0.777574 
0.997334 
0.997334 
0.752790 
0.752790 
0.752790 
0.412794 
0.891992 
0.891992 
0.891992 
0.842672 
0.913946 
0.543908 
0.543908 
0.543908 
0.543908 
0.728855 
0.728855 
0.728855 
0.728855 
0.728855 
0.728855 
0.728855 
0.698989 
0.698989 
0.698989 
0.814083 
0.814083 
0.814083 
0.814083 
0.814083 
0.814083 
0.956204 
0.956204 
0.956204 
0.980985 
0.980985 
0.980985 
0.858716 
0.858716 
0.858716 
0.626858 
0.626858 
0.626858 
0.626858 
0.626858 
0.953615 
0.837107 
0.837107 
0.837107 
0.872482 
0.950015 
0.950015 
0.950015 
0.950015 
0.867431 
0.867431 
0.720703 
0.720703 
0.720703 
0.722403 
0.722403 
0.722403 
0.907431 
0.907431 
0.907431 
0.907431 
0.907431 
0.907431 
0.907431 
0.907431 
0.907431 
0.943229 
0.818280 
0.818280 
0.920731 
0.920731 
0.375165 
0.375165 
0.840690 
0.840690 
0.840690 
0.840690 
0.840690 
0.840690 
0.840690 
0.840690 
0.840690 
0.840690 
0.840690 
0.840690 
0.840690 
0.840690 
0.846851 
0.846851 
0.846851 
0.846851 
0.846851 
0.846851 
0.693968 
0.693968 
0.693968 
0.693968 
0.866218 
0.866218 
0.849929 
0.849929 
0.849929 
0.647818 
0.647818 
0.647818 
0.647818 
0.892922 
0.892922 
0.892922 
0.909179 
0.743092 
0.743092 
0.955129 
0.791327 
0.791327 
0.791327 
0.656398 
0.656398 
0.656398 
0.656398 
0.656398 
0.656398 
0.879972 
0.879972 
0.879972 
0.646421 
0.931153 
0.931153 
0.931153 
0.931153 
0.692799 
0.692799 
0.692799 
0.692799 
0.692799 
0.692799 
0.891007 
0.866947 
0.866947 
0.950093 
0.223835 
0.632740 
0.848922 
0.676873 
0.676873 
0.755622 
0.755622 
0.966648 
0.966648 
0.966648 
0.966648 
0.966648 
0.966648 
0.928100 
0.928100 
0.928100 
0.928100 
0.928100 
0.828884 
0.828884 
0.828884 
0.828884 
0.828884 
0.828884 
0.902784 
0.902784 
0.902784 
0.902784 
0.902784 
0.902784 
0.902784 
0.902784 
0.711462 
0.711462 
0.711462 
0.711462 
0.711462 
0.711462 
0.711462 
0.972138 
0.514224 
0.514224 
0.514224 
0.694589 
0.694589 
0.694589 
0.694589 
0.694589 
0.694589 
0.694589 
0.694589 
0.694589 
0.694589 
0.694589 
0.694589 
0.694589 
0.694589 
0.793693 
0.793693 
0.793693 
0.793693 
0.793693 
0.793693 
0.793693 
0.814524 
0.488589 
0.488589 
0.488589 
0.488589 
0.488589 
0.488589 
0.488589 
0.771898 
0.771898 
0.517928 
0.517928 
0.517928 
0.517928 
0.517928 
0.876146 
0.876146 
0.861639 
0.742868 
0.968998 
0.968998 
0.876746 
0.876746 
0.876746 
0.876746 
0.876746 
0.869632 
0.869632 
0.973058 
0.973058 
0.973058 
0.662364 
0.662364 
0.662364 
0.977341 
0.811201 
0.811201 
0.747180 
0.747180 
0.959027 
0.959027 
0.998398 
0.998398 
0.998398 
0.962160 
0.930224 
0.930224 
0.930224 
0.930224 
0.631431 
0.941009 
0.941009 
0.813485 
0.926811 
0.846968 
0.846968 
0.846968 
0.846968 
0.846968 
0.846968 
0.787520 
0.483027 
0.483027 
0.527271 
0.527271 
0.527271 
0.527271 
0.726607 
0.726607 
0.726607 
0.726607 
0.726607 
0.726607 
0.791792 
0.791792 
0.811668 
0.811668 
0.811668 
0.811668 
0.811668 
0.811668 
0.811668 
0.811668 
0.811668 
0.701421 
0.686549 
0.686549 
0.686549 
0.686549 
0.686549 
0.686549 
0.968630 
0.767472 
0.767472 
0.767472 
0.952775 
0.952775 
0.952775 
0.952775 
0.952775 
0.508236 
0.508236 
0.508236 
0.774658 
0.774658 
0.774658 
0.774658 
0.774658 
0.774658 
0.774658 
0.774658 
0.774658 
0.774658 
0.774658 
0.774658 
0.774658 
0.885545 
0.885545 
0.531092 
0.531092 
0.531092 
0.531092 
0.531092 
0.531092 
0.531092 
0.531092 
0.531092 
0.531092 
0.531092 
0.531092 
0.982871 
0.982871 
0.982871 
0.982871 
0.982871 
0.982871 
0.982871 
0.982871 
0.982871 
0.649611 
0.649611 
0.649611 
0.824558 
0.824558 
0.824558 
0.824558 
0.824558 
0.996650 
0.996650 
0.996650 
0.996650 
0.996650 
0.561084 
0.561084 
0.561084 
0.561084 
0.561084 
0.561084 
0.561084 
0.823964 
0.823964 
0.823964 
0.823964 
0.935387 
0.935387 
0.935387 
0.799163 
0.799163 
0.593896 
0.593896 
0.593896 
0.593896 
0.593896 
0.899356 
0.899356 
0.899356 
0.899356 
0.899356 
0.899356 
0.899356 
0.899356 
0.899356 
0.874830 
0.874830 
0.326778 
0.326778 
0.326778 
0.683654 
0.683654 
0.683654 
0.956373 
0.929145 
0.821621 
0.821621 
0.821621 
0.821621 
0.871867 
0.871867 
0.738925 
0.712192 
0.712192 
0.712192 
0.980272 
0.980272 
0.980272 
0.980272 
0.980272 
0.980272 
0.980272 
0.576559 
0.576559 
0.576559 
0.663997 
0.663997 
0.696075 
0.692594 
0.692594 
0.692594 
0.692594 
0.698273 
0.574870 
0.574870 
0.574870 
0.574870 
0.574870 
0.797365 
0.958386 
0.981981 
0.879392 
0.879392 
0.879392 
0.879392 
0.879392 
0.879392 
0.855846 
0.855846 
0.855846 
0.855846 
0.855846 
0.855846 
0.855846 
0.963120 
0.963120 
0.963120 
0.963120 
0.595507 
0.595507 
0.620802 
0.620802 
0.620802 
0.620802 
0.620802 
0.620802 
0.620802 
0.620802 
0.620802 
0.620802 
0.620802 
0.620802 
0.620802 
0.620802 
0.620802 
0.620802 
0.620802 
0.961034 
0.961034 
0.961034 
0.961034 
0.933879 
0.971904 
0.971904 
0.639744 
0.639744 
0.685393 
0.870047 
0.870047 
0.870047 
0.870047 
0.870047 
0.870047 
0.870047 
0.870047 
0.870047 
0.912300 
0.898720 
0.898720 
0.898720 
0.792915 
0.792915 
0.875018 
0.875018 
0.668987 
0.466860 
0.466860 
0.466860 
0.466860 
0.466860 
0.466860 
0.466860 
0.466860 
0.466860 
0.466860 
0.466860 
0.466860 
0.302152 
0.302152 
0.988320 
0.781625 
0.781676 
0.814584 
0.814584 
0.814584 
0.814584 
0.814584 
0.941631 
0.941631 
0.941631 
0.941631 
0.941631 
0.900146 
0.900146 
0.900146 
0.900146 
0.868744 
0.868744 
0.868744 
0.868744 
0.868744 
0.868744 
0.868744 
0.868744 
0.868744 
0.850767 
0.568844 
0.568844 
0.568844 
0.568844 
0.398224 
0.398224 
0.398224 
0.981531 
0.981531 
0.981531 
0.981531 
0.981531 
0.981531 
0.981531 
0.981531 
0.981531 
0.981531 
0.824196 
0.824196 
0.824196 
0.925696 
0.925696 
0.958900 
0.958900 
0.958900 
0.958900 
0.958900 
0.958900 
0.905424 
0.905424 
0.905424 
0.905424 
0.905424 
0.905424 
0.905424 
0.753532 
0.753532 
0.753532 
0.753532 
0.753532 
0.786461 
0.786461 
0.786461 
0.786461 
0.786461 
0.786461 
0.786461 
0.834234 
0.834234 
0.834234 
0.834234 
0.834234 
0.834234 
0.834234 
0.834234 
0.834234 
0.834234 
0.834234 
0.748204 
0.748204 
0.748204 
0.748204 
0.748204 
0.748204 
0.748204 
0.748204 
0.748204 
0.748204 
0.748204 
0.748204 
0.748204 
0.981284 
0.981284 
0.981284 
0.734970 
0.895014 
0.868980 
0.868980 
0.425299 
0.425299 
0.425299 
0.425299 
0.632541 
0.632541 
0.632541 
0.880638 
0.880638 
0.880638 
0.628588 
0.697166 
0.697166 
0.697166 
0.697166 
0.697166 
0.697166 
0.697166 
0.697166 
0.325291 
0.995052 
0.995052 
0.995052 
0.995052 
0.995052 
0.846766 
0.765747 
0.765747 
0.765747 
0.925547 
0.658271 
0.732816 
0.543473 
0.543473 
0.543473 
0.543473 
0.543473 
0.543473 
0.543473 
0.543473 
0.598649 
0.598649 
0.598649 
0.598649 
0.598649 
0.598649 
0.598649 
0.598649 
0.598649 
0.598649 
0.598649 
0.817186 
0.817186 
0.948741 
0.663677 
0.663677 
0.789250 
0.789250 
0.770620 
0.770620 
0.770620 
0.770620 
0.770620 
0.770620 
0.770620 
0.696595 
0.696595 
0.696595 
0.696595 
0.696595 
0.696595 
0.914148 
0.914148 
0.997585 
0.997585 
0.997585 
0.782066 
0.782066 
0.978237 
0.978237 
0.978237 
0.978237 
0.706906 
0.706906 
0.706906 
0.563044 
0.834956 
0.834956 
0.757599 
0.538802 
0.538802 
0.973688 
0.702751 
0.702751 
0.702751 
0.702751 
0.702751 
0.702751 
0.702751 
0.702751 
0.446674 
0.720449 
0.720449 
0.957238 
0.957238 
0.957238 
0.957238 
0.957238 
0.957238 
0.957238 
0.957238 
0.957238 
0.957238 
0.656888 
0.964402 
0.964402 
0.964402 
0.964402 
0.964402 
0.964402 
0.471924 
0.471924 
0.746206 
0.746206 
0.746206 
0.746206 
0.746206 
0.889854 
0.889854 
0.811717 
0.730754 
0.730754 
0.726740 
0.964525 
0.964525 
0.964525 
0.964525 
0.964525 
0.997170 
0.997170 
0.698219 
0.698219 
0.698219 
0.698219 
0.698219 
0.698219 
0.698219 
0.698219 
0.849390 
0.849390 
0.849390 
0.849390 
0.940386 
0.940386 
0.940386 
0.940386 
0.940386 
0.940386 
0.940386 
0.940386 
0.940386 
0.940386 
0.940386 
0.717722 
0.974493 
0.974493 
0.974493 
0.974493 
0.938985 
0.938985 
0.938985 
0.938985 
0.938985 
0.938985 
0.938985 
0.910437 
0.910437 
0.735605 
0.735605 
0.735605 
0.735605 
0.735605 
0.735605 
0.491456 
0.491456 
0.491456 
0.909445 
0.909445 
0.886988 
0.886988 
0.886988 
0.886988 
0.886988 
0.886988 
0.934689 
0.773774 
0.773774 
0.745170 
0.745170 
0.745170 
0.745170 
0.745170 
0.975308 
0.975308 
0.936089 
0.936089 
0.936089 
0.858509 
0.909010 
0.909010 
0.909010 
0.909010 
0.909010 
0.909010 
0.909010 
0.909010 
0.909010 
0.909010 
0.974926 
0.406564 
0.406564 
0.406564 
0.406564 
0.406564 
0.406564 
0.951951 
0.904648 
0.799341 
0.799341 
0.859835 
0.859835 
0.859835 
0.859835 
0.859835 
0.859835 
0.782894 
0.782894 
0.782894 
0.782894 
0.585328 
0.585328 
0.585328 
0.713522 
0.713522 
0.713522 
0.962213 
0.962213 
0.999971 
0.999971 
0.999971 
0.999971 
0.999971 
0.999971 
0.781254 
0.781254 
0.742157 
0.742157 
0.742157 
0.742157 
0.742157 
0.742157 
0.742157 
0.742157 
0.742157 
0.742157 
0.742157 
0.742157 
0.742157 
0.742157 
0.742157 
0.979307 
0.979307 
0.979307 
0.970184 
0.970184 
0.505309 
0.505309 
0.505309 
0.796991 
0.730142 
0.730142 
0.946853 
0.395911 
0.395911 
0.395911 
0.575307 
0.787270 
0.859396 
0.859396 
0.667264 
0.667264 
0.667264 
0.667264 
0.667264 
0.366038 
0.366038 
0.366038 
0.741613 
0.741613 
0.741613 
0.741613 
0.692067 
0.758297 
0.758297 
0.758297 
0.758297 
0.758297 
0.758297 
0.758297 
0.758297 
0.758297 
0.758297 
0.705759 
0.705759 
0.705759 
0.705759 
0.705759 
0.705759 
0.705759 
0.680131 
0.680131 
0.680131 
0.680131 
0.680131 
0.680131 
0.680131 
0.914283 
0.914283 
0.914283 
0.914283 
0.914283 
0.914283 
0.854442 
0.854442 
0.904185 
0.904185 
0.904185 
0.866805 
0.866805 
0.838328 
0.838328 
0.838328 
0.838328 
0.962491 
0.732811 
0.732811 
0.732811 
0.732811 
0.732811 
0.732811 
0.732811 
0.732811 
0.732811 
0.732811 
0.732811 
0.732811 
0.732811 
0.732811 
0.732811 
0.717025 
0.717025 
0.674486 
0.674486 
0.674486 
0.674486 
0.387219 
0.387219 
0.976325 
0.976325 
0.991164 
0.991164 
0.991164 
0.882763 
0.882763 
0.689699 
0.746445 
0.941895 
0.941895 
0.941895 
0.941895 
0.941895 
0.941895 
0.941895 
0.793800 
0.789942 
0.662892 
0.662892 
0.662892 
0.989137 
0.989137 
0.989137 
0.989137 
0.989137 
0.989137 
0.989137 
0.989137 
0.989137 
0.956306 
0.964207 
0.841399 
0.989746 
0.989746 
0.989746 
0.989746 
0.701407 
0.936439 
0.936439 
0.936439 
0.936439 
0.936439 
0.936439 
0.936439 
0.762612 
0.762612 
0.762612 
0.762612 
0.762612 
0.812975 
0.991873 
0.991873 
0.645279 
0.645279 
0.458852 
0.458852 
0.894639 
0.408321 
0.802870 
0.802870 
0.899294 
0.899294 
0.899294 
0.946064 
0.946064 
0.946064 
0.946064 
0.946064 
0.946064 
0.948862 
0.948862 
0.948862 
0.948120 
0.948120 
0.948120 
0.948120 
0.948120 
0.948120 
0.948120 
0.948120 
0.499355 
0.499355 
0.499355 
0.499355 
0.922090 
0.922090 
0.922090 
0.773223 
0.773223 
0.773223 
0.849277 
0.849277 
0.932601 
0.932601 
0.932601 
0.932601 
0.932601 
0.932601 
0.932601 
0.932601 
0.932601 
0.932601 
0.932601 
0.932601 
0.928947 
0.928947 
0.928947 
0.928947 
0.928947 
0.928947 
0.928947 
0.928947 
0.928947 
0.928947 
0.928947 
0.928947 
0.928947 
0.928947 
0.928947 
0.928947 
0.928947 
0.928947 
0.928947 
0.995577 
0.995577 
0.995577 
0.995577 
0.672050 
0.672050 
0.866701 
0.866701 
0.866701 
0.866701 
0.876380 
0.876380 
0.876380 
0.950162 
0.950162 
0.950162 
0.950162 
0.950162 
0.950162 
0.950162 
0.950162 
0.950162 
0.950162 
0.950162 
0.991058 
0.991058 
0.991058 
0.975642 
0.975642 
0.975642 
0.975642 
0.975642 
0.975642 
0.975642 
0.975642 
0.791597 
0.791597 
0.791597 
0.791597 
0.791597 
0.820286 
0.820286 
0.783696 
0.783696 
0.909188 
0.909188 
0.909188 
0.909188 
0.903554 
0.903554 
0.903554 
0.903554 
0.903554 
0.903554 
0.903554 
0.671041 
0.791139 
0.791139 
0.791139 
0.791139 
0.791139 
0.791139 
0.791139 
0.791139 
0.791139 
0.671788 
0.671788 
0.848387 
0.848387 
0.848387 
0.719439 
0.876069 
0.876069 
0.876069 
0.876069 
0.876069 
0.876069 
0.876069 
0.873195 
0.873195 
0.477288 
0.477288 
0.477288 
0.477288 
0.477288 
0.477288 
0.477288 
0.477288 
0.477288 
0.477288 
0.852371 
0.852371 
0.520211 
0.520211 
0.520211 
0.520211 
0.520211 
0.520211 
0.520211 
0.520211 
0.520211 
0.802574 
0.835911 
0.835911 
0.835911 
0.835911 
0.578209 
0.776077 
0.776077 
0.964437 
0.964437 
0.964437 
0.557433 
0.557433 
0.557433 
0.557433 
0.557433 
0.557433 
0.771628 
0.771628 
0.771628 
0.771628 
0.771628 
0.771628 
0.771628 
0.771628 
0.771628 
0.771628 
0.771628 
0.935247 
0.935247 
0.935247 
0.935247 
0.935247 
0.935247 
0.891562 
0.891562 
0.592359 
0.592359 
0.888104 
0.875262 
0.875262 
0.960747 
0.960747 
0.960747 
0.960747 
0.960747 
0.960747 
0.960747 
0.874287 
0.874287 
0.779407 
0.923505 
0.923505 
0.923505 
0.923505 
0.923505 
0.578636 
0.578636 
0.578636 
0.748223 
0.748223 
0.875781 
0.875781 
0.875781 
0.875781 
0.875781 
0.790737 
0.910425 
0.897002 
0.897002 
0.897002 
0.897002 
0.897002 
0.897002 
0.897002 
0.897002 
0.897002 
0.897002 
0.897002 
0.897002 
0.897002 
0.510998 
0.510998 
0.510998 
0.878386 
0.878386 
0.893062 
0.893062 
0.893062 
0.893062 
0.893062 
0.893062 
0.893062 
0.893062 
0.893062 
0.893062 
0.893062 
0.893062 
0.893062 
0.981738 
0.981738 
0.981738 
0.981738 
0.451283 
0.451283 
0.451283 
0.451283 
0.451283 
0.451283 
0.451283 
0.874168 
0.874168 
0.962134 
0.705903 
0.705903 
0.705903 
0.705903 
