0.009683 
0.359596 
0.359596 
0.359596 
0.359596 
0.297054 
0.297054 
0.334381 
0.286117 
0.286117 
0.286117 
0.286117 
0.410242 
0.410242 
0.168856 
0.163589 
0.073037 
0.648452 
0.696038 
0.696038 
0.697353 
0.712180 
0.378667 
0.378667 
0.395461 
0.431975 
0.431975 
0.359661 
0.361090 
0.361090 
0.246445 
0.644961 
0.644961 
0.593588 
0.809329 
0.746822 
0.135273 
0.418117 
0.418117 
0.659350 
0.659350 
0.964380 
0.602593 
0.602593 
0.035475 
0.049253 
0.049253 
0.487150 
0.714437 
0.115252 
0.115252 
0.025212 
0.025212 
0.025212 
0.025212 
0.025212 
0.025212 
0.526807 
0.526807 
0.143207 
0.059370 
0.059370 
0.461081 
0.524912 
0.514551 
0.399942 
0.399942 
0.399942 
0.084448 
0.084448 
0.220319 
0.190695 
0.661592 
0.356991 
0.623090 
0.092584 
0.053861 
0.053861 
0.516216 
0.066710 
0.618087 
0.327100 
0.364436 
0.250935 
0.250935 
0.250935 
0.114567 
0.120484 
0.120484 
0.120484 
0.120484 
0.386128 
0.386128 
0.407692 
0.148985 
0.148985 
0.148985 
0.561115 
0.393495 
0.393495 
0.393495 
0.282219 
0.708970 
0.678223 
0.857423 
0.618828 
0.081430 
0.081430 
0.158268 
0.240336 
0.240336 
0.240336 
0.332666 
0.332666 
0.533231 
0.804900 
0.063256 
0.063256 
0.349187 
0.122870 
0.122870 
0.122870 
0.347262 
0.472109 
0.194460 
0.079305 
0.503030 
0.627404 
0.760143 
0.192355 
0.357146 
0.357146 
0.357146 
0.357146 
0.027532 
0.069651 
0.115883 
0.115883 
0.120561 
0.120561 
0.120561 
0.120561 
0.328008 
0.061307 
0.061307 
0.061307 
0.431800 
0.431800 
0.431800 
0.431800 
0.189192 
0.189192 
0.189192 
0.317794 
0.317794 
0.124133 
0.124133 
0.124133 
0.124133 
0.124133 
0.124133 
0.407193 
0.407193 
0.729171 
0.318056 
0.783209 
0.783209 
0.277901 
0.277901 
0.253097 
0.601788 
0.615638 
0.818990 
0.521885 
0.182115 
0.799933 
0.007148 
0.007148 
0.007148 
0.123377 
0.129113 
0.253354 
0.253354 
0.513658 
0.720657 
0.356199 
0.224349 
0.401217 
0.171701 
0.141512 
0.141512 
0.141512 
0.660543 
0.226602 
0.294705 
0.087160 
0.365401 
0.624711 
0.174926 
0.372660 
0.282074 
0.529980 
0.529980 
0.305340 
0.078903 
0.078903 
0.434245 
0.458635 
0.431100 
0.538354 
0.538354 
0.311355 
0.327904 
0.681509 
0.376796 
0.020094 
0.020094 
0.020094 
0.290002 
0.290002 
0.290002 
0.069597 
0.069597 
0.069597 
0.064164 
0.109545 
0.278514 
0.245356 
0.245356 
0.245356 
0.245356 
0.245356 
0.064886 
0.064886 
0.254715 
0.254715 
0.372390 
0.372390 
0.547493 
0.006992 
0.461561 
0.461561 
0.381582 
0.793495 
0.170425 
0.298491 
0.298491 
0.533891 
0.657989 
0.657989 
0.589465 
0.462794 
0.462794 
0.672097 
0.672097 
0.688512 
0.057618 
0.057618 
0.057618 
0.011550 
0.850401 
0.197143 
0.333097 
0.113466 
0.249054 
0.111415 
0.126945 
0.126945 
0.392997 
0.116332 
0.340770 
0.471857 
0.471857 
0.410069 
0.332271 
0.259007 
0.259007 
0.078183 
0.154213 
0.191128 
0.234442 
0.312074 
0.464232 
0.222666 
0.500969 
0.500969 
0.657438 
0.239354 
0.348609 
0.296402 
0.086132 
0.086132 
0.086132 
0.278700 
0.278700 
0.444560 
0.259855 
0.249108 
0.094288 
0.596559 
0.596559 
0.596559 
0.542190 
0.007630 
0.109255 
0.114615 
0.571125 
0.702899 
0.702899 
0.185532 
0.185532 
0.185532 
0.185532 
0.185532 
0.044342 
0.082662 
0.346668 
0.392883 
0.491063 
0.040983 
0.040983 
0.777458 
0.307923 
0.037089 
0.037089 
0.037089 
0.235873 
0.235873 
0.803923 
0.681490 
0.276307 
0.452272 
0.262751 
0.758517 
0.316484 
0.316484 
0.316484 
0.766013 
0.196900 
0.563134 
0.850391 
0.818842 
0.825291 
0.829988 
0.509385 
0.509385 
0.756469 
0.756469 
0.050421 
0.050421 
0.050421 
0.912856 
0.129521 
0.129521 
0.129521 
0.129521 
0.318725 
0.156655 
0.156655 
0.156655 
0.139994 
0.139994 
0.139994 
0.960063 
0.136573 
0.136573 
0.136573 
0.511085 
0.511085 
0.150051 
0.150051 
0.150051 
0.150051 
0.150051 
0.150051 
0.150051 
0.150051 
0.196585 
0.069806 
0.705184 
0.339721 
0.127639 
0.127639 
0.127639 
0.127639 
0.127639 
0.045346 
0.436391 
0.436391 
0.352283 
0.352283 
0.480946 
0.234073 
0.612652 
0.188842 
0.188842 
0.188842 
0.232386 
0.716947 
0.263937 
0.753693 
0.357391 
0.319041 
0.019944 
0.386013 
0.192238 
0.192238 
0.192238 
0.409999 
0.021440 
0.021440 
0.196546 
0.196546 
0.606073 
0.374038 
0.340520 
0.547876 
0.643054 
0.283851 
0.283851 
0.303178 
0.280632 
0.367793 
0.011024 
0.265866 
0.311457 
0.530449 
0.669451 
0.031291 
0.031291 
0.458526 
0.458526 
0.458526 
0.245861 
0.518591 
0.151172 
0.185900 
0.720380 
0.435211 
0.435211 
0.305956 
0.576828 
0.576828 
0.266622 
0.062893 
0.062893 
0.924015 
0.289402 
0.289402 
0.289402 
0.659850 
0.514552 
0.019044 
0.340453 
0.408810 
0.035263 
0.279164 
0.054019 
0.062956 
0.415534 
0.415534 
0.040833 
0.140583 
0.139560 
0.552035 
0.552035 
0.705776 
0.555709 
0.622614 
0.622614 
0.282021 
0.183573 
0.318140 
0.572307 
0.572307 
0.200264 
0.200264 
0.195662 
0.195662 
0.280940 
0.280940 
0.280940 
0.153512 
0.376525 
0.376525 
0.376525 
0.742341 
0.470786 
0.470786 
0.470786 
0.470786 
0.593336 
0.238574 
0.238574 
0.414244 
0.414244 
0.452139 
0.179491 
0.044441 
0.133627 
0.133627 
0.133627 
0.225841 
0.221781 
0.390812 
0.606758 
0.268419 
0.268419 
0.355496 
0.563181 
0.563181 
0.122301 
0.122301 
0.160043 
0.160043 
0.160043 
0.064127 
0.004042 
0.691416 
0.024361 
0.024361 
0.024361 
0.024361 
0.024361 
0.024361 
0.024361 
0.263067 
0.169180 
0.172600 
0.158495 
0.739817 
0.275192 
0.275192 
0.275192 
0.275192 
0.373130 
0.373130 
0.373130 
0.455674 
0.418816 
0.137481 
0.137481 
0.137481 
0.137481 
0.137481 
0.137481 
0.134704 
0.134704 
0.565084 
0.042197 
0.042197 
0.255158 
0.590640 
0.590640 
0.138956 
0.138956 
0.383632 
0.383632 
0.364806 
0.356359 
0.355007 
0.149099 
0.149099 
0.254943 
0.503598 
0.875317 
0.025504 
0.664502 
0.144404 
0.170951 
0.170951 
0.170951 
0.170951 
0.170951 
0.867201 
0.205311 
0.072645 
0.072645 
0.072645 
0.072645 
0.072645 
0.072645 
0.177774 
0.177774 
0.637112 
0.769122 
0.582210 
0.582210 
0.152152 
0.182767 
0.607789 
0.073892 
0.548565 
0.117342 
0.117342 
0.117342 
0.117342 
0.406085 
0.368680 
0.219923 
0.046478 
0.614388 
0.190639 
0.190639 
0.205450 
0.653247 
0.653247 
0.317407 
0.317407 
0.630512 
0.521110 
0.406877 
0.134486 
0.134486 
0.134486 
0.134486 
0.134486 
0.134486 
0.732443 
0.884365 
0.106527 
0.565854 
0.233791 
0.233791 
0.855561 
0.248399 
0.248399 
0.573672 
0.074904 
0.074904 
0.467820 
0.111543 
0.127084 
0.235314 
0.403038 
0.297288 
0.199583 
0.199583 
0.199583 
0.473919 
0.303703 
0.303703 
0.318371 
0.318371 
0.436069 
0.436069 
0.436069 
0.115010 
0.517644 
0.389292 
0.474059 
0.474059 
0.384513 
0.384513 
0.275882 
0.265588 
0.041307 
0.437322 
0.338356 
0.338356 
0.243056 
0.214184 
0.214184 
0.214184 
0.785785 
0.679328 
0.179863 
0.122866 
0.122866 
0.122866 
0.122866 
0.177143 
0.637037 
0.589878 
0.298314 
0.298314 
0.085813 
0.085813 
0.314994 
0.678501 
0.613603 
0.613603 
0.002735 
0.728541 
0.529577 
0.567733 
0.639367 
0.045530 
0.682526 
0.737168 
0.737168 
0.263018 
0.005613 
0.428502 
0.801488 
0.784618 
0.784618 
0.784618 
0.211136 
0.767732 
0.099490 
0.099490 
0.143021 
0.004356 
0.616596 
0.460429 
0.487284 
0.487284 
0.487284 
0.401497 
0.401497 
0.401497 
0.401497 
0.162521 
0.764242 
0.308129 
0.639119 
0.763886 
0.444208 
0.311854 
0.160814 
0.358468 
0.358468 
0.363904 
0.327863 
0.018573 
0.467311 
0.467311 
0.300902 
0.135711 
0.135711 
0.135711 
0.135711 
0.103393 
0.560131 
0.265319 
0.111663 
0.007238 
0.180747 
0.475981 
0.554312 
0.187942 
0.638796 
0.638796 
0.403613 
0.318227 
0.318227 
0.757144 
0.367271 
0.333443 
0.153023 
0.195459 
0.202485 
0.069312 
0.542235 
0.542235 
0.489450 
0.536345 
0.331363 
0.062241 
0.818432 
0.488548 
0.408982 
0.636768 
0.626675 
0.263201 
0.361829 
0.692607 
0.740238 
0.416444 
0.041796 
0.041796 
0.682850 
0.331728 
0.658520 
0.486709 
0.523009 
0.173434 
0.203243 
0.203243 
0.264009 
0.494909 
0.664779 
0.040008 
0.012583 
0.012583 
0.012583 
0.379790 
0.379790 
0.214955 
0.796486 
0.413867 
0.241377 
0.241377 
0.241377 
0.241377 
0.241377 
0.241377 
0.241377 
0.241377 
0.195075 
0.534283 
0.112979 
0.762716 
0.457006 
0.457006 
0.170406 
0.292467 
0.587013 
0.587013 
0.168745 
0.766150 
0.196595 
0.196595 
0.196595 
0.242522 
0.421745 
0.258294 
0.258294 
0.258294 
0.407682 
0.228055 
0.483271 
0.850046 
0.247930 
0.653295 
0.539170 
0.173874 
0.173874 
0.406334 
0.448321 
0.692541 
0.521486 
0.036198 
0.036198 
0.044169 
0.207601 
0.544137 
0.544137 
0.338167 
0.338167 
0.338167 
0.146147 
0.146147 
0.146147 
0.303053 
0.468660 
0.408345 
0.408345 
0.002167 
0.155431 
0.381888 
0.291166 
0.274758 
0.012446 
0.093075 
0.351204 
0.053738 
0.053738 
0.131332 
0.338921 
0.074466 
0.145551 
0.300294 
0.828753 
0.763687 
0.763687 
0.736414 
0.755173 
0.670080 
0.833892 
0.252363 
0.252363 
0.627261 
0.619663 
0.393909 
0.393909 
0.555996 
0.026127 
0.026127 
0.019384 
0.144333 
0.144333 
0.144333 
0.365939 
0.334545 
0.039663 
0.039663 
0.039663 
0.039663 
0.039663 
0.039663 
0.039663 
0.039663 
0.292072 
0.132958 
0.421646 
0.142321 
0.142321 
0.228249 
0.691718 
0.116557 
0.706147 
0.730927 
0.702608 
0.603335 
0.680213 
0.471386 
0.076263 
0.076263 
0.076263 
0.076263 
0.076263 
0.197804 
0.373852 
0.304477 
0.304477 
0.404740 
0.397664 
0.939312 
0.858652 
0.108405 
0.999385 
0.999385 
0.999385 
0.999385 
0.999385 
0.999385 
0.999385 
0.999385 
0.398853 
0.398853 
0.398853 
0.261229 
0.715537 
0.078582 
0.694659 
0.138623 
0.138623 
0.425885 
0.656351 
0.015785 
0.137859 
0.149773 
0.589715 
0.701368 
0.011962 
0.371487 
0.429423 
0.470525 
0.835932 
0.251270 
0.251270 
0.066774 
0.355092 
0.159902 
0.159902 
0.020413 
0.377532 
0.122606 
0.122606 
0.122606 
0.122606 
0.122606 
0.122606 
0.122606 
0.122606 
0.287803 
0.242425 
0.242425 
0.111840 
0.175209 
0.192046 
0.192046 
0.192046 
0.663698 
0.647862 
0.919303 
0.844693 
0.852980 
0.344829 
0.375761 
0.159041 
0.494260 
0.494260 
0.042613 
0.434593 
0.676221 
0.219860 
0.283981 
0.283981 
0.908495 
0.249869 
0.557660 
0.099598 
0.127441 
0.007846 
0.209157 
0.209157 
0.209157 
0.189497 
0.942426 
0.285370 
0.430827 
0.454932 
0.454932 
0.597080 
0.264817 
0.572377 
0.589934 
0.255721 
0.116510 
0.116510 
0.116510 
0.098683 
0.098683 
0.098683 
0.232361 
0.232361 
0.232361 
0.390553 
0.390553 
0.390553 
0.412215 
0.213772 
0.386357 
0.386357 
0.386357 
0.686991 
0.718056 
0.517756 
0.318049 
0.693707 
0.693707 
0.546883 
0.546883 
0.404436 
0.404436 
0.375264 
0.023506 
0.023506 
0.466855 
0.832525 
0.293699 
0.416576 
0.627301 
0.702644 
0.065692 
0.065692 
0.537904 
0.537904 
0.537904 
0.289213 
0.277792 
0.229083 
0.684790 
0.284594 
0.284594 
0.284594 
0.193648 
0.250882 
0.250882 
0.250882 
0.146263 
0.146263 
0.146263 
0.146263 
0.146263 
0.146263 
0.089359 
0.089359 
0.126354 
0.174338 
0.174338 
0.174338 
0.000483 
0.000483 
0.241977 
0.021112 
0.285905 
0.285986 
0.108372 
0.108372 
0.000250 
0.743597 
0.743597 
0.647649 
0.432007 
0.432007 
0.616130 
0.603090 
0.552894 
0.471443 
0.248353 
0.154940 
0.154940 
0.594265 
0.594265 
0.594265 
0.484797 
0.484797 
0.340570 
0.340570 
0.191095 
0.160873 
0.632154 
0.394877 
0.026751 
0.802113 
0.802113 
0.275958 
0.275958 
0.678344 
0.491922 
0.427795 
0.551875 
0.264105 
0.108548 
0.068513 
0.673682 
0.676803 
0.039894 
0.359402 
0.359402 
0.269053 
0.243613 
0.243613 
0.270136 
0.036746 
0.416537 
0.045158 
0.196465 
0.259513 
0.259513 
0.416568 
0.416568 
0.547780 
0.643350 
0.028284 
0.018110 
0.018110 
0.337731 
0.569198 
0.589312 
0.589312 
0.521944 
0.521944 
0.478466 
0.103561 
0.103561 
0.103561 
0.103561 
0.103561 
0.116508 
0.344533 
0.344533 
0.344533 
0.686658 
0.686658 
0.313406 
0.760086 
0.760086 
0.593841 
0.593841 
0.197445 
0.248252 
0.248252 
0.248252 
0.244624 
0.752272 
0.752272 
0.018587 
0.018587 
0.498219 
0.678689 
0.670549 
0.275749 
0.037819 
0.037819 
0.037819 
0.342639 
0.342639 
0.342639 
0.204072 
0.069020 
0.069020 
0.617416 
0.234647 
0.462450 
0.588417 
0.711673 
0.835114 
0.548750 
0.152607 
0.485076 
0.315437 
0.315437 
0.404917 
0.404917 
0.404917 
0.134485 
0.134485 
0.134485 
0.650924 
0.088621 
0.088621 
0.088621 
0.088621 
0.088621 
0.060235 
0.043009 
0.039770 
0.039770 
0.066429 
0.066429 
0.329819 
0.329819 
0.103400 
0.103400 
0.085390 
0.061334 
0.061334 
0.000586 
0.076678 
0.446553 
0.446553 
0.446553 
0.133340 
0.445660 
0.200738 
0.200738 
0.218626 
0.520218 
0.523843 
0.627590 
0.386730 
0.523611 
0.153204 
0.153204 
0.683525 
0.667112 
0.505028 
0.505028 
0.480747 
0.723677 
0.501338 
0.071969 
0.269490 
0.930470 
0.100861 
0.281522 
0.177272 
0.444184 
0.204319 
0.540050 
0.351215 
0.351215 
0.351215 
0.351215 
0.363551 
0.363551 
0.363551 
0.363551 
0.578611 
0.815568 
0.803858 
0.515386 
0.560763 
0.256962 
0.256962 
0.341382 
0.158517 
0.068018 
0.068018 
0.068018 
0.370392 
0.370392 
0.323467 
0.323467 
0.517629 
0.332245 
0.332245 
0.222078 
0.057248 
0.249489 
0.323456 
0.181529 
0.534724 
0.534724 
0.529691 
0.143685 
0.143685 
0.143685 
0.537134 
0.137202 
0.137202 
0.338866 
0.341723 
0.181513 
0.081820 
0.081820 
0.015271 
0.015271 
0.146755 
0.051044 
0.051044 
0.261455 
0.394588 
0.394588 
0.740721 
0.209351 
0.048867 
0.232862 
0.586011 
0.651585 
0.362910 
0.362910 
0.362910 
0.256566 
0.256566 
0.256566 
0.237635 
0.009829 
0.697764 
0.767573 
0.628005 
0.628005 
0.773050 
0.102993 
0.138667 
0.229137 
0.131609 
0.055458 
0.055458 
0.185756 
0.185756 
0.155576 
0.155576 
0.500299 
0.500299 
0.500299 
0.587595 
0.587595 
0.609607 
0.609607 
0.004285 
0.004285 
0.417435 
0.417435 
0.584090 
0.771388 
0.771388 
0.313083 
0.313083 
0.313083 
0.313083 
0.313083 
0.444316 
0.013576 
0.231536 
0.231536 
0.193571 
0.274425 
0.274425 
0.274425 
0.274425 
0.145867 
0.674943 
0.197837 
0.310375 
0.310375 
0.310375 
0.139077 
0.089724 
0.089724 
0.279298 
0.142306 
0.134039 
0.134039 
0.134039 
0.215553 
0.306099 
0.306099 
0.535368 
0.827061 
0.001339 
0.001339 
0.001339 
0.001339 
0.646239 
0.646239 
0.833595 
0.308589 
0.149632 
0.556970 
0.041136 
0.041136 
0.026697 
0.320512 
0.320512 
0.698637 
0.705006 
0.438840 
0.381279 
0.370873 
0.370873 
0.476230 
0.637301 
0.440237 
0.529048 
0.216165 
0.263664 
0.493505 
0.493505 
0.146268 
0.829389 
0.533279 
0.378855 
0.422956 
0.537741 
0.537741 
0.537741 
0.726634 
0.818079 
0.047414 
0.047414 
0.047414 
0.240554 
0.240554 
0.085316 
0.085316 
0.453227 
0.453227 
0.306472 
0.306472 
0.306472 
0.306472 
0.306472 
0.659955 
0.497016 
0.106095 
0.106095 
0.106095 
0.422102 
0.744741 
0.705440 
0.802278 
0.104770 
0.104770 
0.066624 
0.244132 
0.426585 
0.274327 
0.293311 
0.330810 
0.206882 
0.130726 
0.130726 
0.130726 
0.623967 
0.675168 
0.417553 
0.006431 
0.006431 
0.210866 
0.378856 
0.589673 
0.553220 
0.456593 
0.456593 
0.825520 
0.612900 
0.264556 
0.264556 
0.509278 
0.220197 
0.220197 
0.341752 
0.341752 
0.338867 
0.109167 
0.109167 
0.109167 
0.161249 
0.161249 
0.294585 
0.600012 
0.405103 
0.346452 
0.375602 
0.160688 
0.303205 
0.303205 
0.388057 
0.019377 
0.019377 
0.020247 
0.877467 
0.676009 
0.431849 
0.431849 
0.007058 
0.539320 
0.323134 
0.486517 
0.486517 
0.334717 
0.458842 
0.589010 
0.010596 
0.010596 
0.653864 
0.653864 
0.050283 
0.448268 
0.443378 
0.097902 
0.374222 
0.576539 
0.409980 
0.410634 
0.504809 
0.479493 
0.479493 
0.277013 
0.051007 
0.051007 
0.240829 
0.240829 
0.055142 
0.055142 
0.414956 
0.894825 
0.066952 
0.647691 
0.192125 
0.932264 
0.197840 
0.197840 
0.197840 
0.443598 
0.166522 
0.166522 
0.133494 
0.133494 
0.481294 
0.581737 
0.581737 
0.424418 
0.365431 
0.365431 
0.441239 
0.385314 
0.385314 
0.224632 
0.772029 
0.807424 
0.020553 
0.020553 
0.039861 
0.178265 
0.178265 
0.091629 
0.091629 
0.580061 
0.399421 
0.399421 
0.475766 
0.475766 
0.228886 
0.480164 
0.716653 
0.706821 
0.468643 
0.140234 
0.140234 
0.140234 
0.140234 
0.753625 
0.064143 
0.460005 
0.414348 
0.525627 
0.188616 
0.319770 
0.166578 
0.166578 
0.166578 
0.166578 
0.343298 
0.517514 
0.502051 
0.024305 
0.024305 
0.736560 
0.331867 
0.601329 
0.499566 
0.072208 
0.072208 
0.429837 
0.603953 
0.579189 
0.829059 
0.719335 
0.097577 
0.097577 
0.798051 
0.157477 
0.157477 
0.027510 
0.815695 
0.356260 
0.356260 
0.289326 
0.033108 
0.115049 
0.115049 
0.098005 
0.858479 
0.163565 
0.163565 
0.163565 
0.296578 
0.180535 
0.201470 
0.201470 
0.355446 
0.355446 
0.150655 
0.079163 
0.021954 
0.944131 
0.244195 
0.244195 
0.456412 
0.014415 
0.014415 
0.571433 
0.694479 
0.713424 
0.075968 
0.087531 
0.647193 
0.647193 
0.573212 
0.344762 
0.412847 
0.412847 
0.203580 
0.035981 
0.035981 
0.298942 
0.122331 
0.122331 
0.477094 
0.603800 
0.322289 
0.322289 
0.322289 
0.322289 
0.322289 
0.179652 
0.339141 
0.339141 
0.339141 
0.180696 
0.180696 
0.180696 
0.362262 
0.362262 
0.060840 
0.260285 
0.622420 
0.516014 
0.516014 
0.420652 
0.730990 
0.147677 
0.779922 
0.047701 
0.047701 
0.045423 
0.045423 
0.630050 
0.510336 
0.180250 
0.375363 
0.389717 
0.389717 
0.389717 
0.019882 
0.019882 
0.432345 
0.542534 
0.367660 
0.751794 
0.679945 
0.297456 
0.658309 
0.611954 
0.611954 
0.121349 
0.121349 
0.007650 
0.179291 
0.787966 
0.571119 
0.362994 
0.362994 
0.484890 
0.019644 
0.714471 
0.745667 
0.745667 
0.622895 
0.658433 
0.236670 
0.236670 
0.270178 
0.588733 
0.123018 
0.123018 
0.123018 
0.353875 
0.496582 
0.563025 
0.719760 
0.180897 
0.180897 
0.593890 
0.910768 
0.456775 
0.197252 
0.498792 
0.498792 
0.374922 
0.374922 
0.423074 
0.423074 
0.461400 
0.094639 
0.173829 
0.170338 
0.464359 
0.464359 
0.097159 
0.885122 
0.242765 
0.181470 
0.181470 
0.032497 
0.479969 
0.479969 
0.479969 
0.479969 
0.450641 
0.333597 
0.333597 
0.077926 
0.077926 
0.389459 
0.334781 
0.334781 
0.144313 
0.285905 
0.261396 
0.261396 
0.165187 
0.068827 
0.154233 
0.180877 
0.180877 
0.330558 
0.144121 
0.610525 
0.695063 
0.018297 
0.102210 
0.069395 
0.625574 
0.507641 
0.389256 
0.389256 
0.255305 
0.330302 
0.766919 
0.827805 
0.367394 
0.367394 
0.570396 
0.201833 
0.198567 
0.171817 
0.207164 
0.195942 
0.195942 
0.709569 
0.003138 
0.272458 
0.272458 
0.284184 
0.284184 
0.023411 
0.396046 
0.314538 
0.314538 
0.403519 
0.078002 
0.078002 
0.171405 
0.474428 
0.049368 
0.302166 
0.145393 
0.211389 
0.319401 
0.064264 
0.064264 
0.064264 
0.064264 
0.064264 
0.110104 
0.580667 
0.630883 
0.630883 
0.624293 
0.264484 
0.264484 
0.447687 
0.526534 
0.193893 
0.101485 
0.166919 
0.728466 
0.728466 
0.293044 
0.420695 
0.166960 
0.166960 
0.166960 
0.166960 
0.166960 
0.166960 
0.166960 
0.099747 
0.103913 
0.710698 
0.690606 
0.219010 
0.106781 
0.106781 
0.106781 
0.051332 
0.051332 
0.185474 
0.002030 
0.613188 
0.613188 
0.279071 
0.279071 
0.279071 
0.308995 
0.457873 
0.271480 
0.030547 
0.673317 
0.694486 
0.412669 
0.246654 
0.018636 
0.018636 
0.102961 
0.102961 
0.102961 
0.102961 
0.102961 
0.211122 
0.561500 
0.504997 
0.060807 
0.273480 
0.422433 
0.197826 
0.111386 
0.111386 
0.111386 
0.015375 
0.015375 
0.015375 
0.075518 
0.075518 
0.650385 
0.704215 
0.689198 
0.754092 
0.754092 
0.067405 
0.067405 
0.067405 
0.067405 
0.067405 
0.067405 
0.067405 
0.067405 
0.390432 
0.101095 
0.101095 
0.013960 
0.013960 
0.013960 
0.013960 
0.013960 
0.082518 
0.082518 
0.082518 
0.676501 
0.368895 
0.368895 
0.127908 
0.035409 
0.035409 
0.035409 
0.140897 
0.140897 
0.250819 
0.250819 
0.297107 
0.297107 
0.297107 
0.331420 
0.331420 
0.331420 
0.331420 
0.059779 
0.059779 
0.059779 
0.145182 
0.497078 
0.813452 
0.503687 
0.194820 
0.194820 
0.194820 
0.449572 
0.433539 
0.078219 
0.078219 
0.078219 
0.388197 
0.939006 
0.218259 
0.339917 
0.321710 
0.441780 
0.441780 
0.230805 
0.230805 
0.230805 
0.230805 
0.230805 
0.230805 
0.066885 
0.066885 
0.603377 
0.006058 
0.497753 
0.497753 
0.343065 
0.343065 
0.894431 
0.289883 
0.551377 
0.551377 
0.429663 
0.387222 
0.387222 
0.387222 
0.387222 
0.387222 
0.561079 
0.091655 
0.091655 
0.091655 
0.091655 
0.091655 
0.091655 
0.506869 
0.255151 
0.255151 
0.255151 
0.255151 
0.255151 
0.255151 
0.255151 
0.255151 
0.255151 
0.645911 
0.458498 
0.458498 
0.456159 
0.372753 
0.256542 
0.041085 
0.041085 
0.242544 
0.242544 
0.658607 
0.455063 
0.461042 
0.513587 
0.006825 
0.006825 
0.107637 
0.068285 
0.172212 
0.172212 
0.473778 
0.426905 
0.426905 
0.571518 
0.681043 
0.547224 
0.584852 
0.091324 
0.534476 
0.010082 
0.010082 
0.076220 
0.076220 
0.089569 
0.089569 
0.089569 
0.430689 
0.479739 
0.664297 
0.664297 
0.309222 
0.442637 
0.215481 
0.890444 
0.262740 
0.290722 
0.174630 
0.345004 
0.068687 
0.068687 
0.068687 
0.068687 
0.323482 
0.076191 
0.349290 
0.349290 
0.349290 
0.170646 
0.170646 
0.170646 
0.053822 
0.522221 
0.299050 
0.299050 
0.299050 
0.280237 
0.423754 
0.305520 
0.305520 
0.305520 
0.305520 
0.305520 
0.112096 
0.112096 
0.229869 
0.229869 
0.437117 
0.437117 
0.437117 
0.437117 
0.125278 
0.125278 
0.125278 
0.113753 
0.113753 
0.113753 
0.113753 
0.162553 
0.008288 
0.008288 
0.008288 
0.428045 
0.428045 
0.070131 
0.070131 
0.070131 
0.761056 
0.660495 
0.085084 
0.147096 
0.344134 
0.344134 
0.277148 
0.277148 
0.277148 
0.518960 
0.627778 
0.478670 
0.347838 
0.151073 
0.052092 
0.052092 
0.519810 
0.432549 
0.026000 
0.316735 
0.215971 
0.176139 
0.176139 
0.176139 
0.699976 
0.569609 
0.562674 
0.910370 
0.362676 
0.362676 
0.475793 
0.475793 
0.148694 
0.148694 
0.188546 
0.568415 
0.120589 
0.388043 
0.554900 
0.554900 
0.554900 
0.551787 
0.702707 
0.785805 
0.062331 
0.062331 
0.062331 
0.062331 
0.062331 
0.330796 
0.363511 
0.042573 
0.042573 
0.042573 
0.366891 
0.621968 
0.621968 
0.621968 
0.819618 
0.760538 
0.350044 
0.036050 
0.036050 
0.036050 
0.036050 
0.015691 
0.568647 
0.789993 
0.336027 
0.206817 
0.131074 
0.851192 
0.377397 
0.282643 
0.282643 
0.282643 
0.486279 
0.584396 
0.629004 
0.629004 
0.511396 
0.265052 
0.517233 
0.629320 
0.464870 
0.464870 
0.206855 
0.206855 
0.164011 
0.158593 
0.441402 
0.441402 
0.076344 
0.076344 
0.593446 
0.022412 
0.777987 
0.037512 
0.834960 
0.933642 
0.348519 
0.016353 
0.275433 
0.252819 
0.672573 
0.667599 
0.532766 
0.532766 
0.312501 
0.561136 
0.800495 
0.800495 
0.181294 
0.866007 
0.720185 
0.720185 
0.839056 
0.794051 
0.954126 
0.916858 
0.097137 
0.121276 
0.151334 
0.151334 
0.151334 
0.009994 
0.292763 
0.444424 
0.329909 
0.042553 
0.237250 
0.575192 
0.740959 
0.740959 
0.201440 
0.201440 
0.635758 
0.604279 
0.291487 
0.362146 
0.472637 
0.417975 
0.207031 
0.082260 
0.082260 
0.082260 
0.724853 
0.518800 
0.518800 
0.002036 
0.830217 
0.133590 
0.133590 
0.133590 
0.427958 
0.120254 
0.519394 
0.493025 
0.191836 
0.191836 
0.034293 
0.034293 
0.571935 
0.101209 
0.101209 
0.101209 
0.101209 
0.234942 
0.234942 
0.234942 
0.234942 
0.399362 
0.076238 
0.076238 
0.076238 
0.076238 
0.470670 
0.159046 
0.653113 
0.262519 
0.262519 
0.072128 
0.072128 
0.101074 
0.327300 
0.327300 
0.059276 
0.059276 
0.059276 
0.059276 
0.015202 
0.015202 
0.223373 
0.263938 
0.263938 
0.538873 
0.066357 
0.066357 
0.929517 
0.483782 
0.312451 
0.074407 
0.074407 
0.074407 
0.074407 
0.074407 
0.301341 
0.096316 
0.096316 
0.096316 
0.096316 
0.044539 
0.044539 
0.689259 
0.579730 
0.575022 
0.575022 
0.575022 
0.876286 
0.507020 
0.151584 
0.296336 
0.296336 
0.296336 
0.754730 
0.529775 
0.672497 
0.672497 
0.153942 
0.113100 
0.560935 
0.560935 
0.085619 
0.123598 
0.106930 
0.241920 
0.183168 
0.142477 
0.653305 
0.087694 
0.279558 
0.133557 
0.133557 
0.093969 
0.093969 
0.002563 
0.002563 
0.002563 
0.360395 
0.298809 
0.158846 
0.158846 
0.158846 
0.169910 
0.159141 
0.764005 
0.709557 
0.206099 
0.206099 
0.737597 
0.241636 
0.241636 
0.156940 
0.425848 
0.635727 
0.584276 
0.073666 
0.073666 
0.052628 
0.092432 
0.092432 
0.277733 
0.277733 
0.277733 
0.277733 
0.277733 
0.277733 
0.034583 
0.034583 
0.036922 
0.655593 
0.514004 
0.569159 
0.569159 
0.100208 
0.100208 
0.100208 
0.736409 
0.489524 
0.394249 
0.080614 
0.080614 
0.059537 
0.059537 
0.059537 
0.382507 
0.019226 
0.602565 
0.840647 
0.447552 
0.447552 
0.637946 
0.770767 
0.422627 
0.691707 
0.384886 
0.053837 
0.206101 
0.282177 
0.647325 
0.602036 
0.008839 
0.008839 
0.008839 
0.836435 
0.404482 
0.652894 
0.320710 
0.331084 
0.509480 
0.903061 
0.100703 
0.100703 
0.100703 
0.100703 
0.100703 
0.100703 
0.100703 
0.100703 
0.107947 
0.107947 
0.128777 
0.403044 
0.523234 
0.562901 
0.180390 
0.555309 
0.541569 
0.164517 
0.023731 
0.023731 
0.644931 
0.546172 
0.546172 
0.546172 
0.130953 
0.130953 
0.544425 
0.555911 
0.529807 
0.529807 
0.121130 
0.046971 
0.268553 
0.043736 
0.043736 
0.203534 
0.203534 
0.203534 
0.203534 
0.628535 
0.382854 
0.549015 
0.549015 
0.549015 
0.346495 
0.346495 
0.346495 
0.095864 
0.095864 
0.070690 
0.070690 
0.070690 
0.523234 
0.273626 
0.044484 
0.044484 
0.789383 
0.258503 
0.191181 
0.599066 
0.708746 
0.604445 
0.701600 
0.314570 
0.327968 
0.414438 
0.020662 
0.041989 
0.041989 
0.041989 
0.041989 
0.041989 
0.041989 
0.006199 
0.006199 
0.477388 
0.477388 
0.759200 
0.637225 
0.192878 
0.192878 
0.192878 
0.691467 
0.467933 
0.152547 
0.152547 
0.152547 
0.432256 
0.368003 
0.142681 
0.426214 
0.426214 
0.426214 
0.589578 
0.894001 
0.308383 
0.312851 
0.794707 
0.283316 
0.283316 
0.283316 
0.101915 
0.343875 
0.343875 
0.114980 
0.114980 
0.545094 
0.885448 
0.465074 
0.094692 
0.035798 
0.035798 
0.035798 
0.035798 
0.035798 
0.553358 
0.265150 
0.265150 
0.013672 
0.127666 
0.127666 
0.095228 
0.095228 
0.428066 
0.433826 
0.416497 
0.171274 
0.729938 
0.275383 
0.064512 
0.085590 
0.289372 
0.289372 
0.514835 
0.051005 
0.150802 
0.150802 
0.150802 
0.150802 
0.290045 
0.804421 
0.194065 
0.883836 
0.401295 
0.043784 
0.043784 
0.043784 
0.091527 
0.337425 
0.416009 
0.414300 
0.750493 
0.788019 
0.371776 
0.371776 
0.371776 
0.003501 
0.003501 
0.300446 
0.607803 
0.939621 
0.094860 
0.094860 
0.665093 
0.182747 
0.037251 
0.037251 
0.037251 
0.535329 
0.384785 
0.384785 
0.929287 
0.697349 
0.333159 
0.826650 
0.826650 
0.079433 
0.739238 
0.766021 
0.615946 
0.646994 
0.348694 
0.382385 
0.181804 
0.635256 
0.635256 
0.590963 
0.590963 
0.671887 
0.442331 
0.114807 
0.114807 
0.114807 
0.444168 
0.315943 
0.315943 
0.078651 
0.259597 
0.145883 
0.145883 
0.324281 
0.404963 
0.770649 
0.770649 
0.193738 
0.193738 
0.193738 
0.848878 
0.962077 
0.443248 
0.047888 
0.601500 
0.670464 
0.436914 
0.095803 
0.508518 
0.605574 
0.529656 
0.420356 
0.031142 
0.166996 
0.166996 
0.166996 
0.166996 
0.166996 
0.166996 
0.166996 
0.166996 
0.166996 
0.824239 
0.589882 
0.589882 
0.454052 
0.648902 
0.036056 
0.036056 
0.011275 
0.011275 
0.011275 
0.011275 
0.629331 
0.422612 
0.422612 
0.422612 
0.201331 
0.181279 
0.181279 
0.133528 
0.418935 
0.340020 
0.607325 
0.689431 
0.365460 
0.777554 
0.204877 
0.402048 
0.402048 
0.396451 
0.396451 
0.396451 
0.428469 
0.548864 
0.260048 
0.260048 
0.007807 
0.280564 
0.280564 
0.142036 
0.142036 
0.142036 
0.142036 
0.142036 
0.142036 
0.449238 
0.691215 
0.470572 
0.470572 
0.690861 
0.319160 
0.349765 
0.349765 
0.649626 
0.096620 
0.096620 
0.096620 
0.491384 
0.123264 
0.123264 
0.189817 
0.284142 
0.272254 
0.546777 
0.546777 
0.375178 
0.610295 
0.227368 
0.235025 
0.235025 
0.084654 
0.007019 
0.176802 
0.176802 
0.322569 
0.504618 
0.299518 
0.416170 
0.415914 
0.735144 
0.629976 
0.557866 
0.557866 
0.557866 
0.075218 
0.075218 
0.075218 
0.161569 
0.161569 
0.161569 
0.161569 
0.161569 
0.161569 
0.169895 
0.210327 
0.848723 
0.328723 
0.115131 
0.115131 
0.115131 
0.418806 
0.212626 
0.346678 
0.346678 
0.194793 
0.194793 
0.010480 
0.010480 
0.010480 
0.010480 
0.010480 
0.166428 
0.166428 
0.517586 
0.688375 
0.031000 
0.693209 
0.292503 
0.367202 
0.140928 
0.140928 
0.398032 
0.398032 
0.248694 
0.248694 
0.039405 
0.039405 
0.039405 
0.195210 
0.408495 
0.408495 
0.002806 
0.002806 
0.002806 
0.422691 
0.422691 
0.863953 
0.477414 
0.260040 
0.260040 
0.787461 
0.787461 
0.457937 
0.462647 
0.048709 
0.133555 
0.133555 
0.133555 
0.133555 
0.591381 
0.051579 
0.051579 
0.051579 
0.051579 
0.051579 
0.813859 
0.797134 
0.414012 
0.746506 
0.732031 
0.498929 
0.414153 
0.414153 
0.167902 
0.167902 
0.167902 
0.167902 
0.167902 
0.179576 
0.049476 
0.049476 
0.532193 
0.264956 
0.264956 
0.265978 
0.504063 
0.504063 
0.158136 
0.102828 
0.002754 
0.366099 
0.498493 
0.498493 
0.498493 
0.354678 
0.170922 
0.170922 
0.170922 
0.170922 
0.104828 
0.670914 
0.370355 
0.026848 
0.158172 
0.324427 
0.324427 
0.621603 
0.155846 
0.412080 
0.412080 
0.171707 
0.068265 
0.022910 
0.566797 
0.566797 
0.363805 
0.092331 
0.086934 
0.338938 
0.044312 
0.152343 
0.564385 
0.196325 
0.703717 
0.766351 
0.016536 
0.741783 
0.713771 
0.530008 
0.359793 
0.409534 
0.842642 
0.583434 
0.583434 
0.070986 
0.070986 
0.591469 
0.591469 
0.648446 
0.572915 
0.407003 
0.054370 
0.054370 
0.257086 
0.257086 
0.007670 
0.329303 
0.329303 
0.329303 
0.329303 
0.329303 
0.097325 
0.899021 
0.368437 
0.194254 
0.194254 
0.227031 
0.227031 
0.314105 
0.711234 
0.581517 
0.018393 
0.469846 
0.080370 
0.381075 
0.170235 
0.170235 
0.179449 
0.068337 
0.068337 
0.068337 
0.202996 
0.450142 
0.450142 
0.718495 
0.718495 
0.356589 
0.699890 
0.781092 
0.424624 
0.365945 
0.365945 
0.081956 
0.081956 
0.356898 
0.237015 
0.529754 
0.569184 
0.051773 
0.340430 
0.205839 
0.552726 
0.626704 
0.425535 
0.211568 
0.524309 
0.352609 
0.110841 
0.470093 
0.562063 
0.218929 
0.218929 
0.294098 
0.294098 
0.251200 
0.251200 
0.251200 
0.646395 
0.607695 
0.130858 
0.130858 
0.585499 
0.875212 
0.196381 
0.196381 
0.196381 
0.044630 
0.044630 
0.044630 
0.134946 
0.501422 
0.220728 
0.241188 
0.241188 
0.033992 
0.321901 
0.321901 
0.763265 
0.495724 
0.271182 
0.362341 
0.362341 
0.156293 
0.156293 
0.302180 
0.494357 
0.805356 
0.178793 
0.178793 
0.178793 
0.177563 
0.177563 
0.317659 
0.748623 
0.526377 
0.543726 
0.832231 
0.096834 
0.108324 
0.108324 
0.544080 
0.131770 
0.376281 
0.272793 
0.276618 
0.249964 
0.144625 
0.560179 
0.675866 
0.675866 
0.604155 
0.424454 
0.457956 
0.012310 
0.279423 
0.306915 
0.306915 
0.606906 
0.359454 
0.160212 
0.160212 
0.160212 
0.160212 
0.160212 
0.014076 
0.432812 
0.524438 
0.524438 
0.598032 
0.625590 
0.066823 
0.066823 
0.686561 
0.686561 
0.505600 
0.454777 
0.130872 
0.455382 
0.240776 
0.007825 
0.181301 
0.636762 
0.173937 
0.084091 
0.473311 
0.473311 
0.473311 
0.957050 
0.675353 
0.256812 
0.154690 
0.056075 
0.455865 
0.820616 
0.491926 
0.352025 
0.705632 
0.529521 
0.529521 
0.768932 
0.856167 
0.643618 
0.376296 
0.098915 
0.098915 
0.495900 
0.704788 
0.139167 
0.139167 
0.139167 
0.208999 
0.208999 
0.791565 
0.791565 
0.355359 
0.135731 
0.009283 
0.009283 
0.405789 
0.170489 
0.112649 
0.112649 
0.112649 
0.588589 
0.479225 
0.441760 
0.441760 
0.285067 
0.606833 
0.498440 
0.157173 
0.394039 
0.394039 
0.394039 
0.025940 
0.345575 
0.110314 
0.110314 
0.110314 
0.459874 
0.021357 
0.021357 
0.021357 
0.021357 
0.021357 
0.021357 
0.570273 
0.570273 
0.272267 
0.564838 
0.439111 
0.505101 
0.175436 
0.175436 
0.549194 
0.523340 
0.043204 
0.043204 
0.043204 
0.611450 
0.611450 
0.611450 
0.380071 
0.751008 
0.394834 
0.377925 
0.377925 
0.377925 
0.342062 
0.014838 
0.170435 
0.170435 
0.500691 
0.281576 
0.652356 
0.838868 
0.481157 
0.270558 
0.270558 
0.142213 
0.104131 
0.012126 
0.012126 
0.012126 
0.012126 
0.012126 
0.170567 
0.029970 
0.029970 
0.558763 
0.558763 
0.299023 
0.299023 
0.299023 
0.299023 
0.485637 
0.077549 
0.055536 
0.055536 
0.055536 
0.055536 
0.186790 
0.057533 
0.057533 
0.057533 
0.080269 
0.600496 
0.547361 
0.390092 
0.390092 
0.390092 
0.390092 
0.390092 
0.029622 
0.219283 
0.658632 
0.658632 
0.617314 
0.497319 
0.497319 
0.128682 
0.461582 
0.461582 
0.638303 
0.553549 
0.721370 
0.582013 
0.582013 
0.439804 
0.439804 
0.439804 
0.436619 
0.106974 
0.106974 
0.106974 
0.083563 
0.083563 
0.083563 
0.083563 
0.083563 
0.083563 
0.083563 
0.253239 
0.317405 
0.407136 
0.435783 
0.847217 
0.184645 
0.110310 
0.526361 
0.373737 
0.432780 
0.432780 
0.415787 
0.415787 
0.273958 
0.086647 
0.086647 
0.430562 
0.430562 
0.173976 
0.076920 
0.311639 
0.106835 
0.591698 
0.781576 
0.391565 
0.134865 
0.825764 
0.019818 
0.019818 
0.019818 
0.020909 
0.020909 
0.815004 
0.261633 
0.261633 
0.318445 
0.060825 
0.060825 
0.629301 
0.231992 
0.231992 
0.231992 
0.406256 
0.028744 
0.122368 
0.569975 
0.177773 
0.037281 
0.186660 
0.186660 
0.008937 
0.008937 
0.187033 
0.187033 
0.118160 
0.428000 
0.630825 
0.630825 
0.630825 
0.726502 
0.562621 
0.465746 
0.037240 
0.037240 
0.213480 
0.213480 
0.213480 
0.263947 
0.095533 
0.630932 
0.630932 
0.497863 
0.497863 
0.497863 
0.575782 
0.520065 
0.520065 
0.520065 
0.308521 
0.397355 
0.214752 
0.333416 
0.738619 
0.222265 
0.236462 
0.039955 
0.039955 
0.039955 
0.039955 
0.039955 
0.039955 
0.039955 
0.008499 
0.008499 
0.008499 
0.536512 
0.241005 
0.241005 
0.470939 
0.470939 
0.329347 
0.329347 
0.677106 
0.168792 
0.119382 
0.119382 
0.119382 
0.119382 
0.119382 
0.119382 
0.457697 
0.582205 
0.281340 
0.281340 
0.238376 
0.035249 
0.035249 
0.035249 
0.555518 
0.808454 
0.565838 
0.583494 
0.494948 
0.190066 
0.190066 
0.190066 
0.190066 
0.089518 
0.632577 
0.819023 
0.694124 
0.790690 
0.194787 
0.231200 
0.576948 
0.215381 
0.215381 
0.215381 
0.038451 
0.205683 
0.103735 
0.103735 
0.278261 
0.277314 
0.277314 
0.386944 
0.289036 
0.297596 
0.280115 
0.213960 
0.213960 
0.312127 
0.312127 
0.255364 
0.504464 
0.504464 
0.188496 
0.240414 
0.240414 
0.645020 
0.212404 
0.160286 
0.160286 
0.160286 
0.160286 
0.160286 
0.157921 
0.029777 
0.551440 
0.641562 
0.024355 
0.024355 
0.024355 
0.230304 
0.885886 
0.355554 
0.355554 
0.295647 
0.115529 
0.115529 
0.115529 
0.115529 
0.327730 
0.327730 
0.841209 
0.797049 
0.301553 
0.481946 
0.613093 
0.413800 
0.041653 
0.041653 
0.925385 
0.647744 
0.421709 
0.676642 
0.304018 
0.071525 
0.490471 
0.785060 
0.494562 
0.428613 
0.428613 
0.428613 
0.660938 
0.660938 
0.211460 
0.211460 
0.211460 
0.211460 
0.351009 
0.231776 
0.231776 
0.503045 
0.547732 
0.532638 
0.094376 
0.277846 
0.104462 
0.432586 
0.893018 
0.470752 
0.470752 
0.470752 
0.387531 
0.693459 
0.038663 
0.197302 
0.264759 
0.657182 
0.295885 
0.440062 
0.450629 
0.293599 
0.875386 
0.107810 
0.148440 
0.183370 
0.183370 
0.692584 
0.968157 
0.116168 
0.116168 
0.413711 
0.037002 
0.037002 
0.313515 
0.187834 
0.187834 
0.097752 
0.097752 
0.097752 
0.306018 
0.098891 
0.098891 
0.578890 
0.622915 
0.011732 
0.563062 
0.689820 
0.689820 
0.764433 
0.356669 
0.356669 
0.550321 
0.597901 
0.181673 
0.434185 
0.434185 
0.434185 
0.434185 
0.409431 
0.834333 
0.447547 
0.426354 
0.471833 
0.471833 
0.134475 
0.533352 
0.533352 
0.574595 
0.775790 
0.578201 
0.665808 
0.081229 
0.139332 
0.369829 
0.369829 
0.454395 
0.112018 
0.000506 
0.741336 
0.202845 
0.512657 
0.314822 
0.314822 
0.404174 
0.119488 
0.119488 
0.119488 
0.454915 
0.112140 
0.112140 
0.314592 
0.167094 
0.167094 
0.318549 
0.216470 
0.216470 
0.216470 
0.381244 
0.572990 
0.572990 
0.572990 
0.446987 
0.345336 
0.224086 
0.158731 
0.158731 
0.158731 
0.158731 
0.214524 
0.389366 
0.389366 
0.389366 
0.351465 
0.095255 
0.204233 
0.204233 
0.274835 
0.274835 
0.274835 
0.685383 
0.400170 
0.332938 
0.279144 
0.355311 
0.378136 
0.301669 
0.018489 
0.018489 
0.148500 
0.496658 
0.692163 
0.174285 
0.176831 
0.073992 
0.073992 
0.073992 
0.073992 
0.418251 
0.456356 
0.012030 
0.094134 
0.094134 
0.647557 
0.640678 
0.213998 
0.213998 
0.607806 
0.000437 
0.000437 
0.059164 
0.059164 
0.635806 
0.136185 
0.044681 
0.413910 
0.387864 
0.387864 
0.387864 
0.256584 
0.256584 
0.256584 
0.277968 
0.277968 
0.277968 
0.277968 
0.277968 
0.277968 
0.707809 
0.246668 
0.393370 
0.636685 
0.741237 
0.171118 
0.452455 
0.613174 
0.136937 
0.136937 
0.360995 
0.040776 
0.773941 
0.861566 
0.823072 
0.826635 
0.263149 
0.662041 
0.588307 
0.525198 
0.525198 
0.406882 
0.306091 
0.563228 
0.106325 
0.032365 
0.032365 
0.017785 
0.017785 
0.017785 
0.228944 
0.611083 
0.504624 
0.504624 
0.124298 
0.124298 
0.399691 
0.637601 
0.908553 
0.314858 
0.309773 
0.212925 
0.216615 
0.133553 
0.673193 
0.474712 
0.610656 
0.304010 
0.283517 
0.233441 
0.764396 
0.831760 
0.197610 
0.197610 
0.221513 
0.162278 
0.162278 
0.125095 
0.166155 
0.166155 
0.166155 
0.785837 
0.186747 
0.442718 
0.233415 
0.338066 
0.338066 
0.147306 
0.147306 
0.025593 
0.025593 
0.025593 
0.145792 
0.762420 
0.802292 
0.759451 
0.223164 
0.182293 
0.182293 
0.148787 
0.541441 
0.541441 
0.029138 
0.029138 
0.688317 
0.644385 
0.336879 
0.336879 
0.480446 
0.480446 
0.571907 
0.315932 
0.720579 
0.519788 
0.197755 
0.102693 
0.102693 
0.102693 
0.102693 
0.246777 
0.141195 
0.267008 
0.036399 
0.036399 
0.036399 
0.399241 
0.188363 
0.582846 
0.582846 
0.562188 
0.562188 
0.347047 
0.347047 
0.362464 
0.310339 
0.100950 
0.254933 
0.169524 
0.075342 
0.075342 
0.075342 
0.075342 
0.358433 
0.338218 
0.338218 
0.490668 
0.146626 
0.716896 
0.276997 
0.207828 
0.207828 
0.207828 
0.207828 
0.207828 
0.314615 
0.115874 
0.025468 
0.025468 
0.459208 
0.350478 
0.284911 
0.629675 
0.025807 
0.175240 
0.000289 
0.000289 
0.000289 
0.073756 
0.532644 
0.354668 
0.149133 
0.120854 
0.524054 
0.073757 
0.073757 
0.073757 
0.788958 
0.788958 
0.500293 
0.515009 
0.714934 
0.326765 
0.326765 
0.326765 
0.040133 
0.040133 
0.396912 
0.396912 
0.353949 
0.353949 
0.279718 
0.306012 
0.155918 
0.155918 
0.155918 
0.500088 
0.403985 
0.403985 
0.403985 
0.270709 
0.543834 
0.890414 
0.749968 
0.749968 
0.638260 
0.638260 
0.285645 
0.285645 
0.958402 
0.190832 
0.569604 
0.338508 
0.338508 
0.338508 
0.338508 
0.338508 
0.328632 
0.019730 
0.019730 
0.019730 
0.019730 
0.851383 
0.737936 
0.639565 
0.037112 
0.037112 
0.037112 
0.151115 
0.447173 
0.265804 
0.089035 
0.089035 
0.089035 
0.089035 
0.089035 
0.089035 
0.089035 
0.089035 
0.880115 
0.489402 
0.489402 
0.489402 
0.084177 
0.469090 
0.469090 
0.469090 
0.143709 
0.143709 
0.187433 
0.902206 
0.121087 
0.032361 
0.555124 
0.678354 
0.314637 
0.301157 
0.596911 
0.053584 
0.063323 
0.063323 
0.333866 
0.212581 
0.160882 
0.160882 
0.202042 
0.654754 
0.543198 
0.133745 
0.228351 
0.131730 
0.331998 
0.331998 
0.280456 
0.051768 
0.309774 
0.628104 
0.758468 
0.594946 
0.071865 
0.049760 
0.049760 
0.049760 
0.590447 
0.478079 
0.402852 
0.402852 
0.602688 
0.011836 
0.377441 
0.404068 
0.469004 
0.483033 
0.859497 
0.016456 
0.016456 
0.016456 
0.016456 
0.075639 
0.075639 
0.478924 
0.085883 
0.085883 
0.085883 
0.216598 
0.216598 
0.909441 
0.471016 
0.029941 
0.006981 
0.061016 
0.061016 
0.453097 
0.453097 
0.453097 
0.453097 
0.614715 
0.569619 
0.254862 
0.498032 
0.181695 
0.181695 
0.181695 
0.174657 
0.370544 
0.370544 
0.370544 
0.405532 
0.730841 
0.740780 
0.791025 
0.345029 
0.345029 
0.167713 
0.177901 
0.177901 
0.431249 
0.463308 
0.510959 
0.729325 
0.709938 
0.705799 
0.705799 
0.278873 
0.278873 
0.461339 
0.052282 
0.786191 
0.213460 
0.213460 
0.213460 
0.576440 
0.602677 
0.602677 
0.355306 
0.744618 
0.379855 
0.150565 
0.632308 
0.399510 
0.265107 
0.403557 
0.403557 
0.264028 
0.148575 
0.557100 
0.123238 
0.353073 
0.204110 
0.006931 
0.099539 
0.750510 
0.111744 
0.240275 
0.240275 
0.240275 
0.240275 
0.240275 
0.237850 
0.346057 
0.263645 
0.302739 
0.302739 
0.197601 
0.718789 
0.665905 
0.637410 
0.330193 
0.965763 
0.428211 
0.328805 
0.463267 
0.568710 
0.278416 
0.278416 
0.537541 
0.537541 
0.089034 
0.016256 
0.016256 
0.331053 
0.549807 
0.877207 
0.341689 
0.341689 
0.408913 
0.337329 
0.325200 
0.543880 
0.605423 
0.605423 
0.305286 
0.305286 
0.266645 
0.576433 
0.609345 
0.050789 
0.050789 
0.360924 
0.698269 
0.064320 
0.064320 
0.064320 
0.064320 
0.064320 
0.308033 
0.308033 
0.308033 
0.164637 
0.164637 
0.630622 
0.914230 
0.687639 
0.740440 
0.740440 
0.344978 
0.041142 
0.041142 
0.412293 
0.298326 
0.298326 
0.118188 
0.374155 
0.793829 
0.793829 
0.349255 
0.349255 
0.376996 
0.123671 
0.261347 
0.261347 
0.357168 
0.272693 
0.102998 
0.102998 
0.554138 
0.183666 
0.529892 
0.154564 
0.415144 
0.659123 
0.659123 
0.096431 
0.096431 
0.119901 
0.119901 
0.119901 
0.119901 
0.107684 
0.107684 
0.035112 
0.243941 
0.647455 
0.647455 
0.356100 
0.339450 
0.020696 
0.093978 
0.667395 
0.667395 
0.816682 
0.482759 
0.298856 
0.298856 
0.137718 
0.137718 
0.214247 
0.214247 
0.797087 
0.455518 
0.069209 
0.002194 
0.002194 
0.342025 
0.053341 
0.039335 
0.039335 
0.426443 
0.578088 
0.756523 
0.756523 
0.273793 
0.273793 
0.435478 
0.468205 
0.114112 
0.270372 
0.110524 
0.337060 
0.528836 
0.698204 
0.424445 
0.106216 
0.106216 
0.106216 
0.020177 
0.020177 
0.078918 
0.339644 
0.339644 
0.180547 
0.221129 
0.221129 
0.463280 
0.492196 
0.199348 
0.199348 
0.286921 
0.232276 
0.300633 
0.632142 
0.338505 
0.183883 
0.183883 
0.183883 
0.219793 
0.003390 
0.003390 
0.533796 
0.070239 
0.070239 
0.164994 
0.484741 
0.654650 
0.101132 
0.101132 
0.108581 
0.431726 
0.142161 
0.428039 
0.355384 
0.355384 
0.355384 
0.395172 
0.151321 
0.033552 
0.033552 
0.926366 
0.314306 
0.314306 
0.314306 
0.105550 
0.105550 
0.338044 
0.563471 
0.411912 
0.049940 
0.049940 
0.049940 
0.049940 
0.049940 
0.049940 
0.049940 
0.015820 
0.215343 
0.027035 
0.369855 
0.136845 
0.555830 
0.475026 
0.475026 
0.690678 
0.375983 
0.454510 
0.689673 
0.760781 
0.518967 
0.801400 
0.113481 
0.895060 
0.077701 
0.200246 
0.227210 
0.026498 
0.026498 
0.784158 
0.270990 
0.033487 
0.193113 
0.805670 
0.654343 
0.641325 
0.641325 
0.041426 
0.041426 
0.395578 
0.413530 
0.858739 
0.801298 
0.759772 
0.569531 
0.825313 
0.359997 
0.298639 
0.298639 
0.493204 
0.040460 
0.040460 
0.040460 
0.040460 
0.752795 
0.573340 
0.425459 
0.317808 
0.710494 
0.710494 
0.830763 
0.528698 
0.393219 
0.168739 
0.168739 
0.134349 
0.606671 
0.179699 
0.340155 
0.488653 
0.935052 
0.703980 
0.551192 
0.202203 
0.121093 
0.121093 
0.722088 
0.305875 
0.437807 
0.395807 
0.395807 
0.225811 
0.225811 
0.324541 
0.324541 
0.500921 
0.435601 
0.435601 
0.195242 
0.241370 
0.241370 
0.275591 
0.255076 
0.648942 
0.072923 
0.072923 
0.072923 
0.502544 
0.502544 
0.502544 
0.521198 
0.521198 
0.015676 
0.222877 
0.496293 
0.412269 
0.412269 
0.412269 
0.516489 
0.587382 
0.587382 
0.431653 
0.285891 
0.197492 
0.539484 
0.365368 
0.088864 
0.244947 
0.263851 
0.455501 
0.221898 
0.221898 
0.465162 
0.660162 
0.068111 
0.416030 
0.593460 
0.593460 
0.419240 
0.379152 
0.379152 
0.081594 
0.153963 
0.035487 
0.353491 
0.353491 
0.058615 
0.058615 
0.058615 
0.334651 
0.390699 
0.399377 
0.567041 
0.567041 
0.567041 
0.504720 
0.398446 
0.123089 
0.317817 
0.355290 
0.355290 
0.355290 
0.427262 
0.771120 
0.597397 
0.597397 
0.213890 
0.213890 
0.362913 
0.282775 
0.415150 
0.005536 
0.005536 
0.005536 
0.407103 
0.131793 
0.131793 
0.389723 
0.183880 
0.100184 
0.100184 
0.100184 
0.799695 
0.823649 
0.489775 
0.326316 
0.035865 
0.502260 
0.502260 
0.264814 
0.264814 
0.755758 
0.065031 
0.344853 
0.325251 
0.213783 
0.018706 
0.021118 
0.090289 
0.090289 
0.090289 
0.090289 
0.090289 
0.042693 
0.088918 
0.225349 
0.225349 
0.071021 
0.071021 
0.773567 
0.447247 
0.447247 
0.447247 
0.141627 
0.141627 
0.037715 
0.015491 
0.253831 
0.226352 
0.033674 
0.532985 
0.216158 
0.112704 
0.636475 
0.018952 
0.018952 
0.211303 
0.446298 
0.906118 
0.648063 
0.452675 
0.286155 
0.004800 
0.418096 
0.837644 
0.256209 
0.009667 
0.009667 
0.009667 
0.009667 
0.320867 
0.320867 
0.163049 
0.163049 
0.163049 
0.496231 
0.657093 
0.834821 
0.469086 
0.532178 
0.648649 
0.497808 
0.463157 
0.463157 
0.463157 
0.514305 
0.241478 
0.241478 
0.108794 
0.227033 
0.652335 
0.014883 
0.451167 
0.603680 
0.564349 
0.564349 
0.710844 
0.418012 
0.848782 
0.221247 
0.221247 
0.097738 
0.469910 
0.880714 
0.737802 
0.515488 
0.175286 
0.302834 
0.447903 
0.447903 
0.447903 
0.744032 
0.192193 
0.192193 
0.192193 
0.352493 
0.352493 
0.352493 
0.506310 
0.506310 
0.087710 
0.355301 
0.203181 
0.203181 
0.475444 
0.086914 
0.086914 
0.392033 
0.514454 
0.507894 
0.042150 
0.581808 
0.775041 
0.775041 
0.775041 
0.700949 
0.211627 
0.211627 
0.196793 
0.322135 
0.572960 
0.513296 
0.144387 
0.144387 
0.144387 
0.144387 
0.401166 
0.102864 
0.069193 
0.425414 
0.151507 
0.151507 
0.151507 
0.206533 
0.468709 
0.409769 
0.298707 
0.105753 
0.431386 
0.145552 
0.145552 
0.145552 
0.485095 
0.372690 
0.449286 
0.102963 
0.207907 
0.207907 
0.207907 
0.207907 
0.407459 
0.095701 
0.095701 
0.052256 
0.414463 
0.414463 
0.620188 
0.251012 
0.251012 
0.367035 
0.367035 
0.367035 
0.086165 
0.024988 
0.024988 
0.363701 
0.346472 
0.557854 
0.557854 
0.557854 
0.403368 
0.403368 
0.820430 
0.820430 
0.141950 
0.861494 
0.193367 
0.145665 
0.145665 
0.475500 
0.799536 
0.914206 
0.398802 
0.810247 
0.296981 
0.353185 
0.006347 
0.006347 
0.242340 
0.316498 
0.210011 
0.210011 
0.165126 
0.008200 
0.008200 
0.107162 
0.644601 
0.716120 
0.793077 
0.081414 
0.081414 
0.081414 
0.081414 
0.155942 
0.155942 
0.797644 
0.157927 
0.834202 
0.102591 
0.019696 
0.019696 
0.019696 
0.019696 
0.354601 
0.592115 
0.284321 
0.284321 
0.284321 
0.090123 
0.061134 
0.061134 
0.563620 
0.223911 
0.710993 
0.255834 
0.296352 
0.026924 
0.026924 
0.026924 
0.231542 
0.252735 
0.252735 
0.103382 
0.103382 
0.083945 
0.083945 
0.083945 
0.618874 
0.478181 
0.485457 
0.844191 
0.704514 
0.145457 
0.047633 
0.047633 
0.841463 
0.399763 
0.503926 
0.264137 
0.468467 
0.158831 
0.084255 
0.084255 
0.305689 
0.305689 
0.133206 
0.432753 
0.432753 
0.608092 
0.608092 
0.608092 
0.441539 
0.298757 
0.620661 
0.766791 
0.647819 
0.465508 
0.465508 
0.157006 
0.157006 
0.382360 
0.069425 
0.159504 
0.688192 
0.495296 
0.504811 
0.339220 
0.339220 
0.339220 
0.339220 
0.752497 
0.752497 
0.265732 
0.265732 
0.288260 
0.410374 
0.389831 
0.439764 
0.439764 
0.634509 
0.634509 
0.648145 
0.475210 
0.070547 
0.070547 
0.123273 
0.782734 
0.178247 
0.303523 
0.764100 
0.175107 
0.701114 
0.515891 
0.163989 
0.103631 
0.103631 
0.103631 
0.233376 
0.377032 
0.312355 
0.312355 
0.845456 
0.369718 
0.369718 
0.369718 
0.089180 
0.626483 
0.107245 
0.107245 
0.012853 
0.158298 
0.158298 
0.611137 
0.450994 
0.456584 
0.698024 
0.217903 
0.454429 
0.002803 
0.769644 
0.901989 
0.346329 
0.346329 
0.816000 
0.262282 
0.262282 
0.593140 
0.104349 
0.104349 
0.174825 
0.174825 
0.174825 
0.534249 
0.462403 
0.542469 
0.074705 
0.074705 
0.209653 
0.095342 
0.782157 
0.480119 
0.605609 
0.456493 
0.105322 
0.105322 
0.343451 
0.888322 
0.792188 
0.252801 
0.096855 
0.096855 
0.337824 
0.337824 
0.444847 
0.755501 
0.647834 
0.647834 
0.647834 
0.349784 
0.227969 
0.426659 
0.067279 
0.437970 
0.123080 
0.386575 
0.272587 
0.164043 
0.164043 
0.164043 
0.359566 
0.359566 
0.359566 
0.368798 
0.590295 
0.002199 
0.002199 
0.002199 
0.364419 
0.256642 
0.256642 
0.230602 
0.230602 
0.650415 
0.733303 
0.499138 
0.144211 
0.144211 
0.424187 
0.273166 
0.273166 
0.348719 
0.019239 
0.019239 
0.119098 
0.119098 
0.150423 
0.150423 
0.150423 
0.150423 
0.150423 
0.150423 
0.150423 
0.150423 
0.397945 
0.397945 
0.397945 
0.383865 
0.301794 
0.301794 
0.301794 
0.653972 
0.829083 
0.297916 
0.098620 
0.098620 
0.098620 
0.098620 
0.201726 
0.201726 
0.055627 
0.055627 
0.308979 
0.311156 
0.014016 
0.014016 
0.014016 
0.014016 
0.014016 
0.145635 
0.145635 
0.159282 
0.146679 
0.146679 
0.317046 
0.191427 
0.650686 
0.253382 
0.354282 
0.172736 
0.172736 
0.055793 
0.055793 
0.055793 
0.055793 
0.055793 
0.294958 
0.294958 
0.432484 
0.318927 
0.318927 
0.167026 
0.423284 
0.274154 
0.189011 
0.130041 
0.130041 
0.130041 
0.016043 
0.016043 
0.016043 
0.766910 
0.766910 
0.233100 
0.107124 
0.219487 
0.219487 
0.121138 
0.278461 
0.278461 
0.666997 
0.322932 
0.359562 
0.359562 
0.359562 
0.173352 
0.173352 
0.173352 
0.206356 
0.517784 
0.146731 
0.146731 
0.146731 
0.060029 
0.060029 
0.060029 
0.111084 
0.111084 
0.111084 
0.503647 
0.421899 
0.007144 
0.076905 
0.076905 
0.076905 
0.076905 
0.076905 
0.351905 
0.568813 
0.364515 
0.234653 
0.194965 
0.279815 
0.315095 
0.297196 
0.297196 
0.093146 
0.093146 
0.093146 
0.094483 
0.094483 
0.094483 
0.556586 
0.556586 
0.300581 
0.565065 
0.164864 
0.164864 
0.164864 
0.164864 
0.164864 
0.164864 
0.164864 
0.164864 
0.164864 
0.164864 
0.089309 
0.291102 
0.305428 
0.305428 
0.220254 
0.220254 
0.220254 
0.750554 
0.528018 
0.528018 
0.296198 
0.296198 
0.482413 
0.627977 
0.575270 
0.575270 
0.917976 
0.701991 
0.768098 
0.074356 
0.122173 
0.232117 
0.232117 
0.354542 
0.121743 
0.121743 
0.121743 
0.700779 
0.695402 
0.430485 
0.060399 
0.060399 
0.043958 
0.126063 
0.295189 
0.768252 
0.824233 
0.210772 
0.538551 
0.394459 
0.231001 
0.231001 
0.633189 
0.773252 
0.475846 
0.316467 
0.035878 
0.035878 
0.601023 
0.122298 
0.122298 
0.122298 
0.565020 
0.565020 
0.557959 
0.230263 
0.230263 
0.230263 
0.230263 
0.230263 
0.230263 
0.230263 
0.270580 
0.293172 
0.268912 
0.268912 
0.497407 
0.497407 
0.497407 
0.797725 
0.199181 
0.372213 
0.067120 
0.067120 
0.067120 
0.154352 
0.109012 
0.784660 
0.142009 
0.529006 
0.423238 
0.428489 
0.439807 
0.192785 
0.192785 
0.211111 
0.294855 
0.007031 
0.358764 
0.358764 
0.358764 
0.497190 
0.497190 
0.103732 
0.300775 
0.346912 
0.346912 
0.123594 
0.744227 
0.744227 
0.080199 
0.479829 
0.479829 
0.022184 
0.538056 
0.569956 
0.224956 
0.104512 
0.451124 
0.451124 
0.272880 
0.272880 
0.759462 
0.106627 
0.557734 
0.390139 
0.390139 
0.347615 
0.020089 
0.020089 
0.379407 
0.844062 
0.508175 
0.525240 
0.525240 
0.525240 
0.043525 
0.043525 
0.252499 
0.252499 
0.356205 
0.536802 
0.521244 
0.146963 
0.543408 
0.526522 
0.089482 
0.507109 
0.507109 
0.343738 
0.343738 
0.343738 
0.068534 
0.452303 
0.452303 
0.734145 
0.515548 
0.515548 
0.187887 
0.349497 
0.330628 
0.312110 
0.312110 
0.312110 
0.088490 
0.504179 
0.504179 
0.737395 
0.708497 
0.552205 
0.121029 
0.258967 
0.315026 
0.315026 
0.235209 
0.930104 
0.784831 
0.558964 
0.363977 
0.341610 
0.341610 
0.583197 
0.366737 
0.526272 
0.364735 
0.364735 
