0.494904 
0.494904 
0.494904 
0.866182 
0.866182 
0.866182 
0.859349 
0.404783 
0.802081 
0.947696 
0.947696 
0.947696 
0.947696 
0.255770 
0.525734 
0.924517 
0.864040 
0.305300 
0.630656 
0.720565 
0.720565 
0.946620 
0.382554 
0.930421 
0.579805 
0.615604 
0.486638 
0.130227 
0.452240 
0.449137 
0.451883 
0.962135 
0.962135 
0.962135 
0.962135 
0.602844 
0.602844 
0.158793 
0.148371 
0.483255 
0.627987 
0.627987 
0.484612 
0.474729 
0.984794 
0.717781 
0.717781 
0.717781 
0.717781 
0.884761 
0.260127 
0.680397 
0.681941 
0.681941 
0.127896 
0.511166 
0.511166 
0.511166 
0.511166 
0.637766 
0.637766 
0.567328 
0.577229 
0.985284 
0.985284 
0.821408 
0.821408 
0.556609 
0.556609 
0.556609 
0.684536 
0.681177 
0.681177 
0.681177 
0.681177 
0.681177 
0.309605 
0.356357 
0.356357 
0.356357 
0.697103 
0.697103 
0.431911 
0.724542 
0.421865 
0.663379 
0.663379 
0.471002 
0.609477 
0.609477 
0.609477 
0.989644 
0.941432 
0.600975 
0.526532 
0.759733 
0.161347 
0.527654 
0.647497 
0.647497 
0.637033 
0.858578 
0.839058 
0.839058 
0.876205 
0.614455 
0.694968 
0.861875 
0.861875 
0.861875 
0.824005 
0.824005 
0.195384 
0.195384 
0.485114 
0.332431 
0.891337 
0.891337 
0.891337 
0.579215 
0.587472 
0.193822 
0.651844 
0.651844 
0.977887 
0.757621 
0.205094 
0.982240 
0.868326 
0.496999 
0.871057 
0.645248 
0.440316 
0.210807 
0.375516 
0.750314 
0.460992 
0.460992 
0.943232 
0.943232 
0.445612 
0.237287 
0.349869 
0.736645 
0.809481 
0.809481 
0.651402 
0.842311 
0.540177 
0.907123 
0.958371 
0.109031 
0.696775 
0.133272 
0.404196 
0.358556 
0.638123 
0.638123 
0.486404 
0.478706 
0.484653 
0.525527 
0.950334 
0.240873 
0.446107 
0.154704 
0.696490 
0.696490 
0.696490 
0.696490 
0.774374 
0.774374 
0.728018 
0.728018 
0.728018 
0.728018 
0.728018 
0.728018 
0.525928 
0.468299 
0.772309 
0.950450 
0.917491 
0.917491 
0.782861 
0.729157 
0.985667 
0.515190 
0.877294 
0.877294 
0.988582 
0.988582 
0.546387 
0.765658 
0.916393 
0.719799 
0.961083 
0.961083 
0.722245 
0.722245 
0.905116 
0.528637 
0.414943 
0.567318 
0.989514 
0.989514 
0.989514 
0.427803 
0.917882 
0.479155 
0.479155 
0.863816 
0.863816 
0.688910 
0.717624 
0.757268 
0.491926 
0.631879 
0.631879 
0.690722 
0.961057 
0.961057 
0.776835 
0.962864 
0.962864 
0.895150 
0.945793 
0.927925 
0.927925 
0.734732 
0.734732 
0.687471 
0.417954 
0.437679 
0.021810 
0.300866 
0.963762 
0.963762 
0.744287 
0.671186 
0.671186 
0.671186 
0.760433 
0.502634 
0.502634 
0.502634 
0.955402 
0.371705 
0.919823 
0.648012 
0.648012 
0.422817 
0.157032 
0.263880 
0.880813 
0.880813 
0.880813 
0.880813 
0.948390 
0.948390 
0.849435 
0.849435 
0.607703 
0.730048 
0.586436 
0.248032 
0.466186 
0.994587 
0.610064 
0.610064 
0.740981 
0.932436 
0.808949 
0.808949 
0.808949 
0.173278 
0.742076 
0.533780 
0.533780 
0.905986 
0.365233 
0.715486 
0.510643 
0.829068 
0.365382 
0.365382 
0.882398 
0.801557 
0.801557 
0.404318 
0.968067 
0.968067 
0.968067 
0.999892 
0.402192 
0.402192 
0.699560 
0.919155 
0.919155 
0.919155 
0.919155 
0.919155 
0.749082 
0.749082 
0.456086 
0.618949 
0.092889 
0.218263 
0.999360 
0.273056 
0.059904 
0.059904 
0.930376 
0.964164 
0.800347 
0.361806 
0.361806 
0.772798 
0.575016 
0.606736 
0.718658 
0.297285 
0.642879 
0.949022 
0.949022 
0.949022 
0.140541 
0.140541 
0.609074 
0.609074 
0.609074 
0.522159 
0.227486 
0.415629 
0.415629 
0.550106 
0.550106 
0.523614 
0.854553 
0.854553 
0.854553 
0.854553 
0.854553 
0.677033 
0.914523 
0.914523 
0.914523 
0.914523 
0.914523 
0.341085 
0.593621 
0.645545 
0.702520 
0.780120 
0.780120 
0.780120 
0.780120 
0.780120 
0.334730 
0.407231 
0.716009 
0.276992 
0.501670 
0.595891 
0.807886 
0.437466 
0.352774 
0.548098 
0.548098 
0.548098 
0.655345 
0.760952 
0.760952 
0.435992 
0.648251 
0.404006 
0.580207 
0.580207 
0.435301 
0.922552 
0.922552 
0.922552 
0.467860 
0.952788 
0.952788 
0.696790 
0.696790 
0.696790 
0.696790 
0.587508 
0.255174 
0.476169 
0.476169 
0.952889 
0.952889 
0.952889 
0.520591 
0.520591 
0.458030 
0.743910 
0.468962 
0.484005 
0.839573 
0.839573 
0.515499 
0.515499 
0.393979 
0.531785 
0.766963 
0.766963 
0.752768 
0.799426 
0.976396 
0.449864 
0.919314 
0.919314 
0.919314 
0.616462 
0.939719 
0.346525 
0.302205 
0.393089 
0.393089 
0.668721 
0.668721 
0.772505 
0.366038 
0.912059 
0.912059 
0.912059 
0.912059 
0.912059 
0.912059 
0.912059 
0.667063 
0.667063 
0.667063 
0.569868 
0.689930 
0.689930 
0.689930 
0.316970 
0.273127 
0.497257 
0.503181 
0.586955 
0.586955 
0.792172 
0.792172 
0.732503 
0.732503 
0.934633 
0.934633 
0.934633 
0.652882 
0.652882 
0.652882 
0.652882 
0.556529 
0.556529 
0.506529 
0.946112 
0.946112 
0.946112 
0.946112 
0.959114 
0.959114 
0.277717 
0.515196 
0.966065 
0.966065 
0.194995 
0.357419 
0.494624 
0.494624 
0.494624 
0.691709 
0.691709 
0.594706 
0.594706 
0.961762 
0.804263 
0.263677 
0.584344 
0.681531 
0.216863 
0.510933 
0.948904 
0.525434 
0.699116 
0.699116 
0.568222 
0.751207 
0.751207 
0.751207 
0.751207 
0.620487 
0.939719 
0.868249 
0.274960 
0.899777 
0.899777 
0.899777 
0.892266 
0.826958 
0.903937 
0.903937 
0.936926 
0.936926 
0.936926 
0.936926 
0.503893 
0.503893 
0.249560 
0.775503 
0.775503 
0.800090 
0.800090 
0.543547 
0.543547 
0.543547 
0.324939 
0.355325 
0.793443 
0.704906 
0.409106 
0.466487 
0.844798 
0.864131 
0.864131 
0.892828 
0.913470 
0.913470 
0.913470 
0.913470 
0.913470 
0.953387 
0.784188 
0.784188 
0.784188 
0.784188 
0.643162 
0.553382 
0.553382 
0.795260 
0.290282 
0.274360 
0.465452 
0.864572 
0.864572 
0.864572 
0.379569 
0.896991 
0.763754 
0.270650 
0.699534 
0.699534 
0.293482 
0.726498 
0.864896 
0.871381 
0.832163 
0.832163 
0.372250 
0.372250 
0.355546 
0.758917 
0.758917 
0.723959 
0.691116 
0.430130 
0.517554 
0.788499 
0.788499 
0.118887 
0.983286 
0.983286 
0.313182 
0.406813 
0.406813 
0.668091 
0.093680 
0.511739 
0.817303 
0.782556 
0.571704 
0.635130 
0.381826 
0.688539 
0.624652 
0.279126 
0.634079 
0.770749 
0.088531 
0.772514 
0.761904 
0.761904 
0.516857 
0.516857 
0.506236 
0.989118 
0.989118 
0.989118 
0.989118 
0.973230 
0.776124 
0.776124 
0.776124 
0.420322 
0.971503 
0.290218 
0.290218 
0.110693 
0.304225 
0.274334 
0.584914 
0.584914 
0.534251 
0.435381 
0.805129 
0.805129 
0.320530 
0.866616 
0.395430 
0.404415 
0.428774 
0.428774 
0.782423 
0.782423 
0.561933 
0.456251 
0.998347 
0.952865 
0.952865 
0.952865 
0.952865 
0.935853 
0.935853 
0.374725 
0.277741 
0.346000 
0.330122 
0.330122 
0.336541 
0.336541 
0.336541 
0.336541 
0.919437 
0.919437 
0.644612 
0.217725 
0.816151 
0.066499 
0.302150 
0.302150 
0.663593 
0.860232 
0.217583 
0.053732 
0.969860 
0.969860 
0.969860 
0.969860 
0.599566 
0.815429 
0.815429 
0.675100 
0.787041 
0.787041 
0.502086 
0.732330 
0.830840 
0.527513 
0.527513 
0.840227 
0.874140 
0.874140 
0.574257 
0.795873 
0.795873 
0.771988 
0.521911 
0.922815 
0.288646 
0.379063 
0.144210 
0.179518 
0.622824 
0.859795 
0.954986 
0.841637 
0.841637 
0.841637 
0.311730 
0.311730 
0.547698 
0.547698 
0.547698 
0.547698 
0.389354 
0.756076 
0.756076 
0.756076 
0.369298 
0.076089 
0.560027 
0.711500 
0.676418 
0.850666 
0.850666 
0.388653 
0.991020 
0.930710 
0.635264 
0.651297 
0.809788 
0.809788 
0.749953 
0.728227 
0.728227 
0.249963 
0.799301 
0.799301 
0.799301 
0.799301 
0.365222 
0.365222 
0.532999 
0.409350 
0.409350 
0.445031 
0.828847 
0.952473 
0.952473 
0.809759 
0.809759 
0.809759 
0.809759 
0.917993 
0.917993 
0.917993 
0.917993 
0.743658 
0.340014 
0.622340 
0.422216 
0.939787 
0.939787 
0.293128 
0.172826 
0.262368 
0.262368 
0.085971 
0.554121 
0.554121 
0.995080 
0.870730 
0.870730 
0.870730 
0.870730 
0.541888 
0.494621 
0.494621 
0.494621 
0.741610 
0.428807 
0.691258 
0.495186 
0.495186 
0.373309 
0.531665 
0.731298 
0.731298 
0.531846 
0.665858 
0.665858 
0.206082 
0.891121 
0.805354 
0.585606 
0.722012 
0.722012 
0.820637 
0.955570 
0.955570 
0.955570 
0.955570 
0.712847 
0.870746 
0.642957 
0.915196 
0.948879 
0.948879 
0.330120 
0.330120 
0.951901 
0.775163 
0.421038 
0.981838 
0.981838 
0.981838 
0.981838 
0.888470 
0.888470 
0.691889 
0.360181 
0.212196 
0.865366 
0.450193 
0.978104 
0.767739 
0.739109 
0.801399 
0.373657 
0.327198 
0.088054 
0.088054 
0.441284 
0.557282 
0.723118 
0.929146 
0.405971 
0.991161 
0.990198 
0.990198 
0.733646 
0.427651 
0.976137 
0.976137 
0.369001 
0.290458 
0.215965 
0.892593 
0.892593 
0.627986 
0.328876 
0.662043 
0.662043 
0.879333 
0.913598 
0.913598 
0.913598 
0.772296 
0.772296 
0.758434 
0.601452 
0.783612 
0.733215 
0.613128 
0.097950 
0.964962 
0.964962 
0.964962 
0.964962 
0.759980 
0.759980 
0.248072 
0.248072 
0.865737 
0.865737 
0.977483 
0.487260 
0.844837 
0.844837 
0.844837 
0.896138 
0.896138 
0.896138 
0.896138 
0.896138 
0.576349 
0.389578 
0.762374 
0.981020 
0.805180 
0.403113 
0.441114 
0.770068 
0.770068 
0.770068 
0.770068 
0.475273 
0.618098 
0.703653 
0.935938 
0.935938 
0.525849 
0.915701 
0.879276 
0.945965 
0.369628 
0.369628 
0.369628 
0.757215 
0.802183 
0.802183 
0.083187 
0.380949 
0.380949 
0.380949 
0.882649 
0.541171 
0.541171 
0.920963 
0.920963 
0.832327 
0.832327 
0.875108 
0.875108 
0.935596 
0.419107 
0.845418 
0.433415 
0.868667 
0.824375 
0.824375 
0.995450 
0.995450 
0.995450 
0.150672 
0.193912 
0.994756 
0.994756 
0.994756 
0.994756 
0.764511 
0.764511 
0.672487 
0.659460 
0.622629 
0.458124 
0.123872 
0.270179 
0.947404 
0.947404 
0.947404 
0.332583 
0.365494 
0.290108 
0.282988 
0.794366 
0.492877 
0.457747 
0.618547 
0.618547 
0.618547 
0.618547 
0.618547 
0.720989 
0.485105 
0.996973 
0.996973 
0.658202 
0.332661 
0.241121 
0.587225 
0.587225 
0.587225 
0.587225 
0.759384 
0.759384 
0.588163 
0.741885 
0.545157 
0.828336 
0.828336 
0.828336 
0.764324 
0.894943 
0.894943 
0.894943 
0.894943 
0.254414 
0.420652 
0.245464 
0.199179 
0.146142 
0.426914 
0.426914 
0.426914 
0.826808 
0.826808 
0.913082 
0.423898 
0.211737 
0.450551 
0.450551 
0.450551 
0.825976 
0.825976 
0.825976 
0.825976 
0.928731 
0.793731 
0.994719 
0.994719 
0.363994 
0.363994 
0.654953 
0.817815 
0.906596 
0.906596 
0.487027 
0.879082 
0.700694 
0.583067 
0.725512 
0.725512 
0.725512 
0.375331 
0.245699 
0.245699 
0.669963 
0.261943 
0.294999 
0.296688 
0.595479 
0.894817 
0.498041 
0.498041 
0.625782 
0.625782 
0.841937 
0.841937 
0.585926 
0.585926 
0.369328 
0.369328 
0.702380 
0.702380 
0.684108 
0.294185 
0.294185 
0.294185 
0.485323 
0.271278 
0.253369 
0.793080 
0.793080 
0.911525 
0.291512 
0.897587 
0.897587 
0.866031 
0.748097 
0.834026 
0.657294 
0.785161 
0.676515 
0.980934 
0.980934 
0.697101 
0.967803 
0.204392 
0.648826 
0.648826 
0.648826 
0.544580 
0.660015 
0.660015 
0.698163 
0.281980 
0.281980 
0.404388 
0.658863 
0.658863 
0.975332 
0.975332 
0.975332 
0.975332 
0.975332 
0.970468 
0.523628 
0.523628 
0.531218 
0.715585 
0.335349 
0.335349 
0.786406 
0.786406 
0.786406 
0.481649 
0.236210 
0.236210 
0.818501 
0.818501 
0.939966 
0.944824 
0.869991 
0.869991 
0.866962 
0.646825 
0.572663 
0.672066 
0.633986 
0.415381 
0.146136 
0.516065 
0.516065 
0.454858 
0.285709 
0.510727 
0.510727 
0.510727 
0.394260 
0.443629 
0.867454 
0.903963 
0.855087 
0.667496 
0.881005 
0.505578 
0.700043 
0.802258 
0.802258 
0.959017 
0.509585 
0.380504 
0.895945 
0.868953 
0.268125 
0.373086 
0.282840 
0.972928 
0.803842 
0.357959 
0.214519 
0.871548 
0.966288 
0.931954 
0.969174 
0.969174 
0.969174 
0.797966 
0.891815 
0.073745 
0.073745 
0.118121 
0.195930 
0.458831 
0.336876 
0.624153 
0.764925 
0.327008 
0.760196 
0.655076 
0.655076 
0.655076 
0.600482 
0.724632 
0.724632 
0.971801 
0.971801 
0.971801 
0.719096 
0.719096 
0.719096 
0.719096 
0.719096 
0.719096 
0.776138 
0.776138 
0.776138 
0.648909 
0.595260 
0.482181 
0.109633 
0.821146 
0.675626 
0.675626 
0.675626 
0.699914 
0.284851 
0.821744 
0.239414 
0.827750 
0.827750 
0.827750 
0.703074 
0.524749 
0.735311 
0.727661 
0.975059 
0.644421 
0.644421 
0.892097 
0.562599 
0.608331 
0.397819 
0.918320 
0.918320 
0.551832 
0.829331 
0.829331 
0.706656 
0.807327 
0.807327 
0.807327 
0.655212 
0.664511 
0.802261 
0.802261 
0.802838 
0.802838 
0.802838 
0.673189 
0.612296 
0.251280 
0.251280 
0.311967 
0.585812 
0.355249 
0.888375 
0.948317 
0.948317 
0.400472 
0.662462 
0.662462 
0.453123 
0.628593 
0.849390 
0.524941 
0.524941 
0.900185 
0.900185 
0.756351 
0.549711 
0.891348 
0.891348 
0.807624 
0.807624 
0.430270 
0.490026 
0.994517 
0.994517 
0.994517 
0.770711 
0.392459 
0.392459 
0.228232 
0.135561 
0.748879 
0.748879 
0.784750 
0.851824 
0.598871 
0.698540 
0.698540 
0.406586 
0.796938 
0.796938 
0.796938 
0.611037 
0.883462 
0.883462 
0.883462 
0.911808 
0.911808 
0.748386 
0.884649 
0.884649 
0.884649 
0.503003 
0.679437 
0.881750 
0.473576 
0.116920 
0.303887 
0.299627 
0.433466 
0.433466 
0.547115 
0.626321 
0.626321 
0.140447 
0.383309 
0.383309 
0.661817 
0.396393 
0.209705 
0.444897 
0.152044 
0.207277 
0.144208 
0.902603 
0.902603 
0.763427 
0.436347 
0.397921 
0.343624 
0.993956 
0.993956 
0.805473 
0.970101 
0.970101 
0.970101 
0.963712 
0.874916 
0.874916 
0.874916 
0.970132 
0.970132 
0.291615 
0.992977 
0.815013 
0.815013 
0.783451 
0.783451 
0.783451 
0.783451 
0.783451 
0.783451 
0.783451 
0.907753 
0.907753 
0.907753 
0.590952 
0.607497 
0.607497 
0.607497 
0.607497 
0.607497 
0.607497 
0.607497 
0.116076 
0.399048 
0.589895 
0.256460 
0.164626 
0.121097 
0.121097 
0.328993 
0.562267 
0.562267 
0.379819 
0.739310 
0.602480 
0.666425 
0.666425 
0.666425 
0.666425 
0.666425 
0.333704 
0.364244 
0.294159 
0.641891 
0.641891 
0.988771 
0.660133 
0.927316 
0.752985 
0.633227 
0.633227 
0.972206 
0.725459 
0.725459 
0.942615 
0.942615 
0.942615 
0.182686 
0.151903 
0.737253 
0.737253 
0.363296 
0.867492 
0.610533 
0.624136 
0.749206 
0.700996 
0.773701 
0.773701 
0.845655 
0.820445 
0.820445 
0.820445 
0.792060 
0.792060 
0.792060 
0.355551 
0.355551 
0.999013 
0.999013 
0.815986 
0.815986 
0.640088 
0.557307 
0.958953 
0.015341 
0.832733 
0.770833 
0.833429 
0.833429 
0.833429 
0.631736 
0.645780 
0.645780 
0.645780 
0.606537 
0.908950 
0.908950 
0.908950 
0.908950 
0.908950 
0.892191 
0.770873 
0.499384 
0.499384 
0.643378 
0.643378 
0.252586 
0.676401 
0.492793 
0.340129 
0.190175 
0.899238 
0.899238 
0.903424 
0.903424 
0.903424 
0.903424 
0.903424 
0.903424 
0.803987 
0.948269 
0.701820 
0.526042 
0.262804 
0.598021 
0.836563 
0.705426 
0.705426 
0.708815 
0.848520 
0.848520 
0.948938 
0.948938 
0.678342 
0.200620 
0.759456 
0.735169 
0.735169 
0.701601 
0.701601 
0.945345 
0.945345 
0.436869 
0.817781 
0.817781 
0.283693 
0.586144 
0.911334 
0.911334 
0.911334 
0.911334 
0.911334 
0.701937 
0.527591 
0.527591 
0.953266 
0.627553 
0.448429 
0.927012 
0.975911 
0.975911 
0.854955 
0.854955 
0.573159 
0.636752 
0.529759 
0.293511 
0.778189 
0.778189 
0.778189 
0.778189 
0.934400 
0.604622 
0.877483 
0.905216 
0.905216 
0.905216 
0.795603 
0.795603 
0.795603 
0.881701 
0.881701 
0.442534 
0.203063 
0.099110 
0.494660 
0.785316 
0.785316 
0.785316 
0.761566 
0.618947 
0.672432 
0.381920 
0.909563 
0.504179 
0.657616 
0.351505 
0.415373 
0.648308 
0.583525 
0.650527 
0.150606 
0.504107 
0.964011 
0.964011 
0.964011 
0.848368 
0.848368 
0.848368 
0.848368 
0.503085 
0.683360 
0.683360 
0.397786 
0.343181 
0.801404 
0.801404 
0.801404 
0.476257 
0.476257 
0.668490 
0.709289 
0.709289 
0.461004 
0.941251 
0.345530 
0.323282 
0.938004 
0.124532 
0.124532 
0.307807 
0.408455 
0.611986 
0.861472 
0.853628 
0.968631 
0.968631 
0.562359 
0.400889 
0.884641 
0.884641 
0.884641 
0.884641 
0.502919 
0.473208 
0.136024 
0.567209 
0.825327 
0.995364 
0.995364 
0.387057 
0.860772 
0.860772 
0.456339 
0.456339 
0.456339 
0.372402 
0.372402 
0.820171 
0.820171 
0.820171 
0.820171 
0.820171 
0.426934 
0.694463 
0.397948 
0.656584 
0.870226 
0.833456 
0.833456 
0.953111 
0.601317 
0.601317 
0.824135 
0.388557 
0.388557 
0.622172 
0.634253 
0.304648 
0.963917 
0.768508 
0.768508 
0.843642 
0.738813 
0.730977 
0.379153 
0.928863 
0.928863 
0.272609 
0.385749 
0.442849 
0.341539 
0.341539 
0.341539 
0.341539 
0.343101 
0.203027 
0.635505 
0.781446 
0.781446 
0.426323 
0.584734 
0.296790 
0.524545 
0.521903 
0.521903 
0.521903 
0.521903 
0.521903 
0.315763 
0.315763 
0.315763 
0.614096 
0.629907 
0.629907 
0.448451 
0.589533 
0.403300 
0.441551 
0.320008 
0.588603 
0.588603 
0.460239 
0.607521 
0.607521 
0.962240 
0.962240 
0.962240 
0.794091 
0.794091 
0.956682 
0.986773 
0.986773 
0.551431 
0.938836 
0.611673 
0.414541 
0.331160 
0.151042 
0.210490 
0.474576 
0.360783 
0.352872 
0.315066 
0.941406 
0.941406 
0.941406 
0.981711 
0.726973 
0.291319 
0.959404 
0.504017 
0.490568 
0.808405 
0.934451 
0.934451 
0.934451 
0.509905 
0.889512 
0.889512 
0.353324 
0.923517 
0.584155 
0.567661 
0.969502 
0.770144 
0.963561 
0.903568 
0.804513 
0.968881 
0.773604 
0.911164 
0.499818 
0.499818 
0.499818 
0.816715 
0.816715 
0.988648 
0.347117 
0.347117 
0.320985 
0.297522 
0.990291 
0.461740 
0.461740 
0.461740 
0.524513 
0.917161 
0.236292 
0.966809 
0.753768 
0.526185 
0.937569 
0.576760 
0.841265 
0.247198 
0.962455 
0.962455 
0.962455 
0.962455 
0.962455 
0.962455 
0.962455 
0.464486 
0.708863 
0.708863 
0.640727 
0.640727 
0.639727 
0.639727 
0.927804 
0.927804 
0.957422 
0.957422 
0.870333 
0.870333 
0.870333 
0.870333 
0.729089 
0.729089 
0.729089 
0.729089 
0.729089 
0.729089 
0.666635 
0.642870 
0.389342 
0.777434 
0.535379 
0.417915 
0.971492 
0.633764 
0.405590 
0.405590 
0.407412 
0.337744 
0.940183 
0.557866 
0.535129 
0.776458 
0.759683 
0.759683 
0.751344 
0.737588 
0.737588 
0.737588 
0.966362 
0.966362 
0.966362 
0.812766 
0.812766 
0.625881 
0.993382 
0.993382 
0.358761 
0.331275 
0.331275 
0.850068 
0.850068 
0.148725 
0.641037 
0.641037 
0.521495 
0.510100 
0.510100 
0.184775 
0.182179 
0.432926 
0.563887 
0.563887 
0.914900 
0.648838 
0.648838 
0.648838 
0.312521 
0.314379 
0.314379 
0.539159 
0.401339 
0.770994 
0.268898 
0.764307 
0.776236 
0.848407 
0.848407 
0.848407 
0.493986 
0.628635 
0.774059 
0.995449 
0.693591 
0.952503 
0.613019 
0.613019 
0.244503 
0.493386 
0.606369 
0.978315 
0.365533 
0.754339 
0.754339 
0.754339 
0.473947 
0.618484 
0.618484 
0.262892 
0.603559 
0.779135 
0.779135 
0.797164 
0.797164 
0.797164 
0.259813 
0.956076 
0.956076 
0.956076 
0.678020 
0.678020 
0.913733 
0.622899 
0.789275 
0.789275 
0.789275 
0.789275 
0.789275 
0.917302 
0.917302 
0.510805 
0.616513 
0.584015 
0.584015 
0.671670 
0.102041 
0.872058 
0.872058 
0.189756 
0.010671 
0.498647 
0.384400 
0.246560 
0.354968 
0.781606 
0.576573 
0.270402 
0.833473 
0.452583 
0.336318 
0.073247 
0.975277 
0.748852 
0.558536 
0.620425 
0.813302 
0.479266 
0.949229 
0.949229 
0.878392 
0.878392 
0.878392 
0.919212 
0.568330 
0.568330 
0.568330 
0.568330 
0.507845 
0.326447 
0.161368 
0.161368 
0.807167 
0.992083 
0.992083 
0.992083 
0.992083 
0.992083 
0.470991 
0.706152 
0.242572 
0.947221 
0.947221 
0.533985 
0.533985 
0.267753 
0.676798 
0.676798 
0.676798 
0.978123 
0.947329 
0.083830 
0.083830 
0.497612 
0.732137 
0.563940 
0.563940 
0.563940 
0.669216 
0.801506 
0.801506 
0.408173 
0.408173 
0.275419 
0.456571 
0.761201 
0.378695 
0.658394 
0.658394 
0.505753 
0.110871 
0.920167 
0.264039 
0.490048 
0.476027 
0.967292 
0.967292 
0.967292 
0.710388 
0.710388 
0.906988 
0.906988 
0.906988 
0.906988 
0.717436 
0.792637 
0.355672 
0.790104 
0.254827 
0.254827 
0.302406 
0.906040 
0.906040 
0.619592 
0.619592 
0.619592 
0.452707 
0.452707 
0.231669 
0.288592 
0.725504 
0.763654 
0.920698 
0.920698 
0.671095 
0.776684 
0.959155 
0.604582 
0.613713 
0.388939 
0.767727 
0.964121 
0.882233 
0.912067 
0.863873 
0.885318 
0.705189 
0.819848 
0.787220 
0.999133 
0.999133 
0.999133 
0.538340 
0.969694 
0.619222 
0.322246 
0.606868 
0.917434 
0.774609 
0.800677 
0.800677 
0.800677 
0.837423 
0.837423 
0.621912 
0.890365 
0.890365 
0.890365 
0.890365 
0.890365 
0.391755 
0.062973 
0.251405 
0.849592 
0.772399 
0.553730 
0.623410 
0.487399 
0.487399 
0.273493 
0.888598 
0.570591 
0.494389 
0.726540 
0.833311 
0.144116 
0.794402 
0.036912 
0.834666 
0.963241 
0.963241 
0.557262 
0.831318 
0.831318 
0.831318 
0.131188 
0.304667 
0.304667 
0.307621 
0.307621 
0.738544 
0.738544 
0.841797 
0.869704 
0.869704 
0.283863 
0.934745 
0.875131 
0.875131 
0.872990 
0.631978 
0.573764 
0.573764 
0.818700 
0.635211 
0.819839 
0.820025 
0.820025 
0.820025 
0.820025 
0.820025 
0.820025 
0.820025 
0.529701 
0.529701 
0.756477 
0.756477 
0.756477 
0.329388 
0.567623 
0.567623 
0.895308 
0.948660 
0.913724 
0.528174 
0.837667 
0.934796 
0.150916 
0.674323 
0.576944 
0.657242 
0.136961 
0.771525 
0.243690 
0.629530 
0.632666 
0.954882 
0.672014 
0.765465 
0.903141 
0.726048 
0.726048 
0.726048 
0.404700 
0.404700 
0.328226 
0.903182 
0.583827 
0.583827 
0.674819 
0.674819 
0.674819 
0.704478 
0.722095 
0.893449 
0.936413 
0.499838 
0.470577 
0.470577 
0.954634 
0.954634 
0.954634 
0.954634 
0.954634 
0.775228 
0.418194 
0.715248 
0.792322 
0.652385 
0.716358 
0.716358 
0.885635 
0.832559 
0.969723 
0.647651 
0.702754 
0.631329 
0.882030 
0.882030 
0.882030 
0.882030 
0.051538 
0.051538 
0.725568 
0.561239 
0.655215 
0.354853 
0.115359 
0.126737 
0.647192 
0.723035 
0.723035 
0.556574 
0.850245 
0.642092 
0.642092 
0.966137 
0.966137 
0.411773 
0.185935 
0.448262 
0.469217 
0.301430 
0.301430 
0.363260 
0.756968 
0.579491 
0.935124 
0.186691 
0.764765 
0.764765 
0.705046 
0.705046 
0.992937 
0.351054 
0.351054 
0.261439 
0.838185 
0.119814 
0.279518 
0.697152 
0.697152 
0.697152 
0.462912 
0.417142 
0.539994 
0.785964 
0.785964 
0.785964 
0.567371 
0.323736 
0.883962 
0.701938 
0.701938 
0.395802 
0.688825 
0.309398 
0.728425 
0.596813 
0.596813 
0.414369 
0.673640 
0.673640 
0.954975 
0.215637 
0.903105 
0.657539 
0.657539 
0.108351 
0.781998 
0.392681 
0.961308 
0.589244 
0.503717 
0.316132 
0.838123 
0.883997 
0.883997 
0.883997 
0.804441 
0.804441 
0.392255 
0.677954 
0.378020 
0.962059 
0.518082 
0.718442 
0.718442 
0.732348 
0.732348 
0.732348 
0.732348 
0.978374 
0.984775 
0.984775 
0.984775 
0.936364 
0.612539 
0.907360 
0.983518 
0.613608 
0.870592 
0.938527 
0.507525 
0.507525 
0.919201 
0.919201 
0.919201 
0.665575 
0.665575 
0.669844 
0.669844 
0.896827 
0.896827 
0.896827 
0.985981 
0.989521 
0.989521 
0.553156 
0.905678 
0.905723 
0.905723 
0.905723 
0.697739 
0.697739 
0.895230 
0.348265 
0.928567 
0.818014 
0.818014 
0.818014 
0.204532 
0.912578 
0.912578 
0.912578 
0.166513 
0.166513 
0.841020 
0.973963 
0.973963 
0.973963 
0.787239 
0.487339 
0.636930 
0.656923 
0.656923 
0.656923 
0.449013 
0.550389 
0.550389 
0.550389 
0.305802 
0.632944 
0.660691 
0.894012 
0.966980 
0.779718 
0.779718 
0.779718 
0.779718 
0.759572 
0.759572 
0.540581 
0.540581 
0.572559 
0.527356 
0.296867 
0.730301 
0.612836 
0.928835 
0.740420 
0.948483 
0.948483 
0.676100 
0.470163 
0.954691 
0.954691 
0.954691 
0.354365 
0.883649 
0.733804 
0.675274 
0.675274 
0.882425 
0.767271 
0.667663 
0.978511 
0.868345 
0.868345 
0.927893 
0.261191 
0.896345 
0.750015 
0.750015 
0.110111 
0.757587 
0.782622 
0.856461 
0.620747 
0.620747 
0.440285 
0.428805 
0.335751 
0.206959 
0.594543 
0.833667 
0.833667 
0.833667 
0.833667 
0.687253 
0.687253 
0.676497 
0.992895 
0.992895 
0.603767 
0.603767 
0.482226 
0.418739 
0.739800 
0.132196 
0.439033 
0.687386 
0.441160 
0.962534 
0.962534 
0.962534 
0.744943 
0.744943 
0.653951 
0.653951 
0.439334 
0.922503 
0.922503 
0.816177 
0.166740 
0.192808 
0.735692 
0.735692 
0.104490 
0.703111 
0.700756 
0.868606 
0.853932 
0.853932 
0.853932 
0.394296 
0.256437 
0.391281 
0.391281 
0.868347 
0.868347 
0.868347 
0.868347 
0.868347 
0.868347 
0.865542 
0.865542 
0.865542 
0.734084 
0.857073 
0.857073 
0.857073 
0.211928 
0.264733 
0.264733 
0.623072 
0.881942 
0.538503 
0.646126 
0.603655 
0.586350 
0.832161 
0.856924 
0.921491 
0.956895 
0.700221 
0.700221 
0.700221 
0.700221 
0.272374 
0.787027 
0.787027 
0.787027 
0.787027 
0.478455 
0.386206 
0.386206 
0.536648 
0.799693 
0.799693 
0.529156 
0.792356 
0.344490 
0.714368 
0.714368 
0.463632 
0.674067 
0.588479 
0.494793 
0.494793 
0.494793 
0.494793 
0.494793 
0.529418 
0.529418 
0.529418 
0.717109 
0.586488 
0.586488 
0.342527 
0.348752 
0.982778 
0.982778 
0.724915 
0.164101 
0.164101 
0.628350 
0.628350 
0.712318 
0.712318 
0.955729 
0.955729 
0.955729 
0.955729 
0.955729 
0.955729 
0.955729 
0.897966 
0.955317 
0.955317 
0.919916 
0.616114 
0.523546 
0.837455 
0.837455 
0.492251 
0.916708 
0.729922 
0.497136 
0.551659 
0.687120 
0.123903 
0.751435 
0.751435 
0.724567 
0.945508 
0.972295 
0.684931 
0.684931 
0.968198 
0.979014 
0.915772 
0.915772 
0.972334 
0.679940 
0.679940 
0.831906 
0.822066 
0.822066 
0.822066 
0.645066 
0.645066 
0.360707 
0.878410 
0.481996 
0.659945 
0.738179 
0.372087 
0.462450 
0.462450 
0.733920 
0.733920 
0.733920 
0.733920 
0.783366 
0.879936 
0.879936 
0.965106 
0.377801 
0.709880 
0.934493 
0.769703 
0.769703 
0.814878 
0.814878 
0.814878 
0.688244 
0.861895 
0.877895 
0.877895 
0.589883 
0.505391 
0.341712 
0.615318 
0.269332 
0.508047 
0.316159 
0.939351 
0.944094 
0.615819 
0.737626 
0.737626 
0.742833 
0.742833 
0.742833 
0.898722 
0.947936 
0.947936 
0.947936 
0.715421 
0.715421 
0.911018 
0.911018 
0.604492 
0.604492 
0.813661 
0.813661 
0.813661 
0.685388 
0.670648 
0.940224 
0.379418 
0.414023 
0.414023 
0.678310 
0.678310 
0.302665 
0.481719 
0.383747 
0.799783 
0.220259 
0.248522 
0.935350 
0.685428 
0.685428 
0.688451 
0.688451 
0.688451 
0.688451 
0.688451 
0.787643 
0.969045 
0.969045 
0.969045 
0.673829 
0.798183 
0.576278 
0.576278 
0.873479 
0.873479 
0.900075 
0.469311 
0.665060 
0.605286 
0.858976 
0.441578 
0.889516 
0.349486 
0.326996 
0.409435 
0.409435 
0.418360 
0.924208 
0.799158 
0.651276 
0.651276 
0.651276 
0.656756 
0.656756 
0.656756 
0.992857 
0.997782 
0.618392 
0.755896 
0.755896 
0.755896 
0.755896 
0.830955 
0.537662 
0.537662 
0.331420 
0.814406 
0.301821 
0.572866 
0.560365 
0.284109 
0.479467 
0.590096 
0.590096 
0.824425 
0.824425 
0.989160 
0.738629 
0.883096 
0.883096 
0.972673 
0.441689 
0.441689 
0.802128 
0.802128 
0.802128 
0.658419 
0.658419 
0.658419 
0.658419 
0.658419 
0.904276 
0.904276 
0.826858 
0.873615 
0.665337 
0.665337 
0.507274 
0.937918 
0.875675 
0.792135 
0.981850 
0.981850 
0.852964 
0.852964 
0.852964 
0.839349 
0.709429 
0.709429 
0.397463 
0.457288 
0.457288 
0.889491 
0.889491 
0.889491 
0.400716 
0.400716 
0.185080 
0.457148 
0.850389 
0.724186 
0.724186 
0.724186 
0.724186 
0.724186 
0.724186 
0.724186 
0.285109 
0.888813 
0.930227 
0.930227 
0.930227 
0.814280 
0.814280 
0.871428 
0.871428 
0.871428 
0.680308 
0.625814 
0.609279 
0.941317 
0.954844 
0.775996 
0.786360 
0.786360 
0.158521 
0.523449 
0.207400 
0.667787 
0.460179 
0.523346 
0.639486 
0.720010 
0.834508 
0.834508 
0.834508 
0.834508 
0.426353 
0.685809 
0.685809 
0.454766 
0.529694 
0.852375 
0.852375 
0.773702 
0.508166 
0.539828 
0.917478 
0.917478 
0.917478 
0.917478 
0.917478 
0.917478 
0.974675 
0.496774 
0.506588 
0.506588 
0.506588 
0.506588 
0.618510 
0.618510 
0.618510 
0.234353 
0.433957 
0.433957 
0.567176 
0.567176 
0.500512 
0.687271 
0.104138 
0.504058 
0.713686 
0.713686 
0.720604 
0.720604 
0.826757 
0.530346 
0.253754 
0.324178 
0.585394 
0.496122 
0.747713 
0.747713 
0.747713 
0.989269 
0.989269 
0.989269 
0.989269 
0.661338 
0.672726 
0.672726 
0.672726 
0.935989 
0.267772 
0.953409 
0.306052 
0.146487 
0.825148 
0.632140 
0.908917 
0.908917 
0.908917 
0.908917 
0.830179 
0.830179 
0.830179 
0.808924 
0.808924 
0.808924 
0.466747 
0.983821 
0.983821 
0.983821 
0.983821 
0.983821 
0.072111 
0.619429 
0.739106 
0.739106 
0.680258 
0.966128 
0.966128 
0.816442 
0.870337 
0.870337 
0.154969 
0.838526 
0.621233 
0.704629 
0.235288 
0.775425 
0.775425 
0.775425 
0.775425 
0.775425 
0.890734 
0.890734 
0.767926 
0.960623 
0.714189 
0.714189 
0.714189 
0.744370 
0.517493 
0.517493 
0.704376 
0.437230 
0.959964 
0.959964 
0.959964 
0.730781 
0.256657 
0.720690 
0.652831 
0.652831 
0.652831 
0.969312 
0.874899 
0.874899 
0.874899 
0.874899 
0.571271 
0.794793 
0.794793 
0.604117 
0.604117 
0.589759 
0.904663 
0.905462 
0.349817 
0.249325 
0.437448 
0.437448 
0.754768 
0.738343 
0.738343 
0.991691 
0.991691 
0.991691 
0.991691 
0.991691 
0.612755 
0.618398 
0.472990 
0.472990 
0.472990 
0.453057 
0.453057 
0.929487 
0.763035 
0.401494 
0.351158 
0.301686 
0.587340 
0.993950 
0.511013 
0.767829 
0.767829 
0.767829 
0.767829 
0.767829 
0.767829 
0.663713 
0.425993 
0.376521 
0.691016 
0.716003 
0.759755 
0.713876 
0.893085 
0.753302 
0.798669 
0.798669 
0.798669 
0.554148 
0.222336 
0.823485 
0.823485 
0.778077 
0.778077 
0.492531 
0.457484 
0.864983 
0.864983 
0.373548 
0.564390 
0.843509 
0.843509 
0.658639 
0.658639 
0.658639 
0.658639 
0.829070 
0.829070 
0.386042 
0.386042 
0.800050 
0.808072 
0.590482 
0.590482 
0.590482 
0.590482 
0.590482 
0.007777 
0.422494 
0.422494 
0.804514 
0.804514 
0.781946 
0.781946 
0.290594 
0.535477 
0.535477 
0.668235 
0.572218 
0.362540 
0.910008 
0.910008 
0.956440 
0.956440 
0.956440 
0.956440 
0.813438 
0.378144 
0.934116 
0.694183 
0.238754 
0.646656 
0.699505 
0.660644 
0.599108 
0.705387 
0.945421 
0.945421 
0.945421 
0.945421 
0.711406 
0.711406 
0.711406 
0.825411 
0.825411 
0.825411 
0.567176 
0.282545 
0.246847 
0.564699 
0.951158 
0.922862 
0.861878 
0.893089 
0.885721 
0.885721 
0.480683 
0.785598 
0.567077 
0.602745 
0.790054 
0.790054 
0.790054 
0.131954 
0.025631 
0.431102 
0.431102 
0.371880 
0.418522 
0.228338 
0.433005 
0.574287 
0.885326 
0.508194 
0.508194 
0.508194 
0.508194 
0.510183 
0.510183 
0.688384 
0.989384 
0.858797 
0.858797 
0.587193 
0.878741 
0.997080 
0.997080 
0.997080 
0.997080 
0.997080 
0.997080 
0.492459 
0.762092 
0.587182 
0.767266 
0.767266 
0.668298 
0.668298 
0.360398 
0.608167 
0.105712 
0.105712 
0.385607 
0.385607 
0.466248 
0.186103 
0.639086 
0.639086 
0.260865 
0.720488 
0.720488 
0.720488 
0.403945 
0.336173 
0.478916 
0.324608 
0.324608 
0.844549 
0.844549 
0.844549 
0.824405 
0.237071 
0.841140 
0.841140 
0.724094 
0.989062 
0.989062 
0.029227 
0.559370 
0.367052 
0.305605 
0.701173 
0.446875 
0.739312 
0.788735 
0.669061 
0.265604 
0.257516 
0.087065 
0.490529 
0.613245 
0.245454 
0.515894 
0.595055 
0.886118 
0.527671 
0.923462 
0.923462 
0.989649 
0.330647 
0.797338 
0.797338 
0.663732 
0.570053 
0.704557 
0.704557 
0.516007 
0.516007 
0.516007 
0.823586 
0.951567 
0.996784 
0.996784 
0.913051 
0.913051 
0.577685 
0.811848 
0.974526 
0.856754 
0.856754 
0.856754 
0.856754 
0.856754 
0.314790 
0.314790 
0.372060 
0.381960 
0.830205 
0.894338 
0.894338 
0.218783 
0.619427 
0.619427 
0.808063 
0.808063 
0.808063 
0.617482 
0.601737 
0.214830 
0.744737 
0.954977 
0.588546 
0.474394 
0.474394 
0.587316 
0.587316 
0.769461 
0.616152 
0.768774 
0.768774 
0.896613 
0.896613 
0.239744 
0.263626 
0.727222 
0.443810 
0.732223 
0.512858 
0.591733 
0.862878 
0.856761 
0.856761 
0.178532 
0.383248 
0.383248 
0.383248 
0.546637 
0.546637 
0.244327 
0.067150 
0.172667 
0.633162 
0.987889 
0.883318 
0.883318 
0.883318 
0.883318 
0.658025 
0.398124 
0.398124 
0.818759 
0.927958 
0.927958 
0.337073 
0.698240 
0.698240 
0.612149 
0.597759 
0.289144 
0.517471 
0.749762 
0.332880 
0.634210 
0.120045 
0.987816 
0.772882 
0.573693 
0.573693 
0.328375 
0.142950 
0.326035 
0.971088 
0.514148 
0.514148 
0.888847 
0.528388 
0.711158 
0.711158 
0.711158 
0.209931 
0.588527 
0.773920 
0.773920 
0.773920 
0.773920 
0.919205 
0.375249 
0.630871 
0.658811 
0.585269 
0.806819 
0.592178 
0.474285 
0.280982 
0.564306 
0.575467 
0.489318 
0.513069 
0.513069 
0.080977 
0.731218 
0.731218 
0.586504 
0.975042 
0.330861 
0.525364 
0.635703 
0.490583 
0.993649 
0.993649 
0.519195 
0.878364 
0.878364 
0.925986 
0.565296 
0.321523 
0.634058 
0.828194 
0.876421 
0.876421 
0.876421 
0.876421 
0.972973 
0.972973 
0.468498 
0.764359 
0.764359 
0.505734 
0.555492 
0.260064 
0.584031 
0.889316 
0.998665 
0.998665 
0.547120 
0.613716 
0.512734 
0.477206 
0.477206 
0.873797 
0.913032 
0.913032 
0.913032 
0.353960 
0.296405 
0.535113 
0.535113 
0.323879 
0.498052 
0.743540 
0.743540 
0.804762 
0.966487 
0.966487 
0.519431 
0.519431 
0.519431 
0.399725 
0.649299 
0.649585 
0.649585 
0.649585 
0.374526 
0.654446 
0.654446 
0.705772 
0.770587 
0.797856 
0.797856 
0.797856 
0.797856 
0.406118 
0.806940 
0.806940 
0.738820 
0.595223 
0.595223 
0.595223 
0.595223 
0.595223 
0.793317 
0.250297 
0.947278 
0.189918 
0.189918 
0.554752 
0.949831 
0.949831 
0.742088 
0.168273 
0.431416 
0.454850 
0.454850 
0.194368 
0.235046 
0.963719 
0.963719 
0.963719 
0.391434 
0.606995 
0.218953 
0.877238 
0.877238 
0.877238 
0.877238 
0.877238 
0.411991 
0.411991 
0.411991 
0.164700 
0.657612 
0.749748 
0.933033 
0.933033 
0.427503 
0.881275 
0.798022 
0.631362 
0.797025 
0.797025 
0.797025 
0.797025 
0.655998 
0.655998 
0.475148 
0.968696 
0.745971 
0.745971 
0.080447 
0.354089 
0.420391 
0.740385 
0.740385 
0.903707 
0.524102 
0.524102 
0.270567 
0.438373 
0.391969 
0.753213 
0.157627 
0.474266 
0.691107 
0.691107 
0.691107 
0.657428 
0.657428 
0.657428 
0.657428 
0.657428 
0.302646 
0.891563 
0.891563 
0.891563 
0.891563 
0.619515 
0.619515 
0.874986 
0.874986 
0.874986 
0.000061 
0.138041 
0.230111 
0.821563 
0.448988 
0.449639 
0.300918 
0.304458 
0.108356 
0.900968 
0.900968 
0.900968 
0.646280 
0.646280 
0.108277 
0.980110 
0.600495 
0.975110 
0.975110 
0.975110 
0.975110 
0.739167 
0.969605 
0.980130 
0.878133 
0.878133 
0.878133 
0.878133 
0.929756 
0.929756 
0.924818 
0.924818 
0.699483 
0.258974 
0.804007 
0.854196 
0.854196 
0.854196 
0.854196 
0.212893 
0.814315 
0.814315 
0.809153 
0.864213 
0.206395 
0.847892 
0.847892 
0.642652 
0.758370 
0.451468 
0.403860 
0.504647 
0.979392 
0.279761 
0.433979 
0.200157 
0.277537 
0.514818 
0.322430 
0.985643 
0.540308 
0.259552 
0.321596 
0.111064 
0.960148 
0.960148 
0.960148 
0.960148 
0.960148 
0.760387 
0.840918 
0.840918 
0.605681 
0.902762 
0.902762 
0.902762 
0.969107 
0.277944 
0.167014 
0.545856 
0.545856 
0.545856 
0.896332 
0.896332 
0.763932 
0.729945 
0.729945 
0.933177 
0.933177 
0.933177 
0.933177 
0.790013 
0.790013 
0.723664 
0.354956 
0.766084 
0.421122 
0.421122 
0.841968 
0.922002 
0.922002 
0.922002 
0.922002 
0.616202 
0.616202 
0.983219 
0.358994 
0.851281 
0.381421 
0.567183 
0.492458 
0.631526 
0.631526 
0.631526 
0.866961 
0.866961 
0.866961 
0.984168 
0.984168 
0.308885 
0.308885 
0.556656 
0.757890 
0.757890 
0.524368 
0.313100 
0.798031 
0.785375 
0.732680 
0.677888 
0.373622 
0.740966 
0.339530 
0.339530 
0.975950 
0.711916 
0.711916 
0.711916 
0.711916 
0.711916 
0.723301 
0.619546 
0.619546 
0.619546 
0.463460 
0.573300 
0.656221 
0.656221 
0.420262 
0.420262 
0.603548 
0.633820 
0.633820 
0.347623 
0.638429 
0.659198 
0.834810 
0.834810 
0.993480 
0.993480 
0.993480 
0.669994 
0.626059 
0.602610 
0.872258 
0.872258 
0.872258 
0.872258 
0.872258 
0.891368 
0.891368 
0.891368 
0.887585 
0.415827 
0.712801 
0.712801 
0.142803 
0.142803 
0.142803 
0.615228 
0.561953 
0.896208 
0.503083 
0.861422 
0.723657 
0.723657 
0.723657 
0.325655 
0.884692 
0.884692 
0.884692 
0.634536 
0.634536 
0.634536 
0.421268 
0.767696 
0.767696 
0.725695 
0.476069 
0.438691 
0.442900 
0.828035 
0.569150 
0.405121 
0.793600 
0.985359 
0.951102 
0.951102 
0.220795 
0.956377 
0.956377 
0.286782 
0.487501 
0.670369 
0.311417 
0.309981 
0.377148 
0.366043 
0.605739 
0.464534 
0.579011 
0.364143 
0.364143 
0.510847 
0.774897 
0.250555 
0.275675 
0.778301 
0.778301 
0.858335 
0.858335 
0.611315 
0.777248 
0.777248 
0.777248 
0.405068 
0.405068 
0.204826 
0.680783 
0.680783 
0.632533 
0.976000 
0.976000 
0.999820 
0.576300 
0.611009 
0.645117 
0.645117 
0.645117 
0.268752 
0.268752 
0.321479 
0.815598 
0.815598 
0.815598 
0.815598 
0.360590 
0.931244 
0.763241 
0.652437 
0.652437 
0.652437 
0.652437 
0.868353 
0.868353 
0.649105 
0.649105 
0.722876 
0.722876 
0.796235 
0.796235 
0.616516 
0.616516 
0.616516 
0.831455 
0.831455 
0.831455 
0.465661 
0.363466 
0.886247 
0.654775 
0.741473 
0.229083 
0.423147 
0.423147 
0.895738 
0.925467 
0.925467 
0.741340 
0.352856 
0.703890 
0.747275 
0.899547 
0.734797 
0.175214 
0.147253 
0.467240 
0.820960 
0.820960 
0.803367 
0.803367 
0.803367 
0.710349 
0.616175 
0.666127 
0.443779 
0.549634 
0.939616 
0.997143 
0.997623 
0.997623 
0.499119 
0.499119 
0.562430 
0.562430 
0.818354 
0.197562 
0.740368 
0.740368 
0.740368 
0.144824 
0.682414 
0.682414 
0.682414 
0.389950 
0.881150 
0.881150 
0.774551 
0.774551 
0.174164 
0.530827 
0.928679 
0.928679 
0.928679 
0.928679 
0.928679 
0.824294 
0.318526 
0.557173 
0.221589 
0.311536 
0.311536 
0.558143 
0.477464 
0.964555 
0.964555 
0.964555 
0.964555 
0.964555 
0.861070 
0.391359 
0.391359 
0.351617 
0.351617 
0.929406 
0.929406 
0.966216 
0.966216 
0.574607 
0.768209 
0.768209 
0.745712 
0.745712 
0.991890 
0.232835 
0.882930 
0.882930 
0.882930 
0.249921 
0.970413 
0.717657 
0.822945 
0.732105 
0.732105 
0.924775 
0.924775 
0.438280 
0.745109 
0.745109 
0.745109 
0.745109 
0.745109 
0.978332 
0.547778 
0.894715 
0.899107 
0.829901 
0.742456 
0.847912 
0.391362 
0.203709 
0.203709 
0.315155 
0.644840 
0.644840 
0.913873 
0.913873 
0.913873 
0.913873 
0.913873 
0.749738 
0.749738 
0.836635 
0.836635 
0.836635 
0.578613 
0.942541 
0.942541 
0.942541 
0.821974 
0.821974 
0.821974 
0.405850 
0.236882 
0.236882 
0.539944 
0.708769 
0.877511 
0.927143 
0.839573 
0.253479 
0.894483 
0.909494 
0.667583 
0.241773 
0.241773 
0.827679 
0.827679 
0.827679 
0.827679 
0.619703 
0.619703 
0.619703 
0.619703 
0.942369 
0.677472 
0.677320 
0.804273 
0.709834 
0.391920 
0.954814 
0.290218 
0.882866 
0.683786 
0.919098 
0.919098 
0.467946 
0.656588 
0.570543 
0.570543 
0.570543 
0.570543 
0.570543 
0.772394 
0.772394 
0.595191 
0.414023 
0.414023 
0.770341 
0.784495 
0.784495 
0.601294 
0.642117 
0.998536 
0.998536 
0.675732 
0.568538 
0.568538 
0.480960 
0.480960 
0.309714 
0.342987 
0.576800 
0.576800 
0.576800 
0.563155 
0.931058 
0.931058 
0.374368 
0.374368 
0.489703 
0.489703 
0.544664 
0.528327 
0.730440 
0.730440 
0.730440 
0.856318 
0.856318 
0.856318 
0.374417 
0.588799 
0.588799 
0.657258 
0.657258 
0.691883 
0.057101 
0.481160 
0.481160 
0.481160 
0.987983 
0.987983 
0.987983 
0.584839 
0.584839 
0.324673 
0.477239 
0.339107 
0.667600 
0.291377 
0.104358 
0.782535 
0.782535 
0.782535 
0.995278 
0.995278 
0.655520 
0.655520 
0.758831 
0.737555 
0.454801 
0.613389 
0.580987 
0.512971 
0.512971 
0.512971 
0.400142 
0.400142 
0.563239 
0.563239 
0.563239 
0.661562 
0.475715 
0.955158 
0.828661 
0.522975 
0.522975 
0.522975 
0.895368 
0.895368 
0.895368 
0.895368 
0.895368 
0.425258 
0.217544 
0.217544 
0.928328 
0.790827 
0.790827 
0.929157 
0.868731 
0.114129 
0.119503 
0.523950 
0.567999 
0.993620 
0.993620 
0.959397 
0.492120 
0.492120 
0.989589 
0.509356 
0.574570 
0.464720 
0.515290 
0.515290 
0.943121 
0.754952 
0.503116 
0.346795 
0.529937 
0.300573 
0.300573 
0.559222 
0.782096 
0.219055 
0.262925 
0.220919 
0.074587 
0.447040 
0.437329 
0.705941 
0.420852 
0.675111 
0.829517 
0.936227 
0.696519 
0.972256 
0.494552 
0.678757 
0.724045 
0.932320 
0.292594 
0.192770 
0.684574 
0.593348 
0.593348 
0.754754 
0.754754 
0.362695 
0.379895 
0.060493 
0.700843 
0.700843 
0.067733 
0.104672 
0.375234 
0.495189 
0.888358 
0.888358 
0.888358 
0.938817 
0.938817 
0.791722 
0.398049 
0.398049 
0.299528 
0.802429 
0.802429 
0.655884 
0.655884 
0.655884 
0.655884 
0.289377 
0.476071 
0.672675 
0.672675 
0.672675 
0.370859 
0.764280 
0.531268 
0.629740 
0.810925 
0.810925 
0.914343 
0.658172 
0.533911 
0.533911 
0.602631 
0.865734 
0.865734 
0.865734 
0.865734 
0.865734 
0.454164 
0.831813 
0.831813 
0.892017 
0.499947 
0.773873 
0.773873 
0.773873 
0.773873 
0.983461 
0.983461 
0.983461 
0.983461 
0.983461 
0.983461 
0.983461 
0.931525 
0.931525 
0.719014 
0.719014 
0.897021 
0.897021 
0.897021 
0.743693 
0.519553 
0.051335 
0.190721 
0.703070 
0.585586 
0.585586 
0.467303 
0.999302 
0.999302 
0.501833 
0.490482 
0.566406 
0.391769 
0.650765 
0.338953 
0.329776 
0.252663 
0.209584 
0.294450 
0.294450 
0.695066 
0.571909 
0.323841 
0.671504 
0.671504 
0.671504 
0.928164 
0.883720 
0.133186 
0.639962 
0.746891 
0.667938 
0.406028 
0.406028 
0.981785 
0.981785 
0.981785 
0.946468 
0.946468 
0.920193 
0.920193 
0.653548 
0.305034 
0.789917 
0.268739 
0.309313 
0.603749 
0.603749 
0.809681 
0.809681 
0.809681 
0.809681 
0.380135 
0.948245 
0.948245 
0.409463 
0.797413 
0.444147 
0.697883 
0.874310 
0.874310 
0.874310 
0.859221 
0.994227 
0.952255 
0.952255 
0.988470 
0.988470 
0.988470 
0.453084 
0.300584 
0.140666 
0.589913 
0.977622 
0.737077 
0.737077 
0.737077 
0.592775 
0.592775 
0.592775 
0.592775 
0.592775 
0.592775 
0.748725 
0.748725 
0.738172 
0.895931 
0.988653 
0.988653 
0.786573 
0.888858 
0.888858 
0.888858 
0.790441 
0.790441 
0.380886 
0.105899 
0.590423 
0.552202 
0.417674 
0.417674 
0.591834 
0.591834 
0.467657 
0.689937 
0.231534 
0.810531 
0.797600 
0.797600 
0.797600 
0.797600 
0.797600 
0.840441 
0.840441 
0.366997 
0.142488 
0.283925 
0.728515 
0.384686 
0.680245 
0.595944 
0.595944 
0.595944 
0.595944 
0.778598 
0.465279 
0.922191 
0.620194 
0.620194 
0.923391 
0.407288 
0.407288 
0.981895 
0.687984 
0.467418 
0.992254 
0.516037 
0.987087 
0.496416 
0.196445 
0.171679 
0.703491 
0.194320 
0.790399 
0.901370 
0.608072 
0.527008 
0.527008 
0.527008 
0.768866 
0.768866 
0.613582 
0.526530 
0.663192 
0.991812 
0.991812 
0.991812 
0.991812 
0.736117 
0.713329 
0.239516 
0.220848 
0.220848 
0.650951 
0.650951 
0.941552 
0.460750 
0.479780 
0.479780 
0.510782 
0.510782 
0.809487 
0.802569 
0.802569 
0.813724 
0.690650 
0.617341 
0.672341 
0.467836 
0.467836 
0.372047 
0.944775 
0.944775 
0.944775 
0.944775 
0.094260 
0.682400 
0.859012 
0.075433 
0.072998 
0.769417 
0.217576 
0.471108 
0.728461 
0.728461 
0.431934 
0.839184 
0.527178 
0.527178 
0.527178 
0.957344 
0.697101 
0.697101 
0.697101 
0.697101 
0.636249 
0.636249 
0.921526 
0.466497 
0.500044 
0.621447 
0.621447 
0.676154 
0.676154 
0.676154 
0.676154 
0.510472 
0.362085 
0.761025 
0.385059 
0.814716 
0.814716 
0.814716 
0.172753 
0.560133 
0.981284 
0.979831 
0.979831 
0.979831 
0.979831 
0.273472 
0.920138 
0.318001 
0.269878 
0.620887 
0.882051 
0.882051 
0.168776 
0.157126 
0.548434 
0.504828 
0.469402 
0.578884 
0.578884 
0.578884 
0.689612 
0.689612 
0.938442 
0.943350 
0.943350 
0.943350 
0.683134 
0.526365 
0.526365 
0.526365 
0.630657 
0.630657 
0.823091 
0.823091 
0.823091 
0.823091 
0.823091 
0.666971 
0.945459 
0.945459 
0.767202 
0.767202 
0.872260 
0.721439 
0.512001 
0.371811 
0.679869 
0.937785 
0.937785 
0.937785 
0.420920 
0.420920 
0.221671 
0.221671 
0.508242 
0.884710 
0.031025 
0.440035 
0.440035 
0.440035 
0.520067 
0.520067 
0.520067 
0.262588 
0.386111 
0.565771 
0.900552 
0.900552 
0.900552 
0.258478 
0.695723 
0.242763 
0.939866 
0.378821 
0.719679 
0.372733 
0.868031 
0.868031 
0.868031 
0.534672 
0.534672 
0.748099 
0.493661 
0.406502 
0.416075 
0.416075 
0.761003 
0.880413 
0.645706 
0.474201 
0.474201 
0.243774 
0.243774 
0.257691 
0.538624 
0.934149 
0.908307 
0.982961 
0.944890 
0.944890 
0.944890 
0.944890 
0.944890 
0.705371 
0.968402 
0.796884 
0.796884 
0.796884 
0.332388 
0.196130 
0.937679 
0.304869 
0.597102 
0.597102 
0.597102 
0.185116 
0.631041 
0.681681 
0.305770 
0.814022 
0.583553 
0.759938 
0.759938 
0.784572 
0.414518 
0.804131 
0.878791 
0.878791 
0.878791 
0.953598 
0.911730 
0.638507 
0.134683 
0.122751 
0.225757 
0.241901 
0.998231 
0.998231 
0.992223 
0.852986 
0.096977 
0.296290 
0.341828 
0.341828 
0.499774 
0.960456 
0.653430 
0.500192 
0.325082 
0.070778 
0.933487 
0.705423 
0.705423 
0.751512 
0.192038 
0.315316 
0.974937 
0.705603 
0.705603 
0.705603 
0.607429 
0.393926 
0.925130 
0.399478 
0.573881 
0.573881 
0.573881 
0.639845 
0.639845 
0.728829 
0.686407 
0.651315 
0.215887 
0.434197 
0.434197 
0.341335 
0.568477 
0.498653 
0.948405 
0.824774 
0.824774 
0.232405 
0.724347 
0.724347 
0.549194 
0.811868 
0.196060 
0.960971 
0.960971 
0.960971 
0.960971 
0.442171 
0.774602 
0.774602 
0.774602 
0.774602 
0.910155 
0.272893 
0.286578 
0.694969 
0.694969 
0.694969 
0.830484 
0.641313 
0.849223 
0.386257 
0.386257 
0.274856 
0.274856 
0.293058 
0.808129 
0.867051 
0.867051 
0.856595 
0.856595 
0.856595 
0.501565 
0.984913 
0.946846 
0.642937 
0.948864 
0.948864 
0.948864 
0.390782 
0.111795 
0.606355 
0.880757 
0.880757 
0.880757 
0.499800 
0.499800 
0.613452 
0.942164 
0.942164 
0.942164 
0.942164 
0.954762 
0.990010 
0.990010 
0.990010 
0.878202 
0.878202 
0.821991 
0.796566 
0.796566 
0.796566 
0.332746 
0.238107 
0.143561 
0.686952 
0.922720 
0.346943 
0.412743 
0.412743 
0.412743 
0.798545 
0.520013 
0.520013 
0.513970 
0.598074 
0.598074 
0.598074 
0.386316 
0.524745 
0.289532 
0.368828 
0.606758 
0.265275 
0.229204 
0.229204 
0.329799 
0.605775 
0.513988 
0.733481 
0.587021 
0.587021 
0.705641 
0.949440 
0.393805 
0.990523 
0.630584 
0.630584 
0.630584 
0.748684 
0.238028 
0.501217 
0.501217 
0.917394 
0.348194 
0.403489 
0.844759 
0.844759 
0.489411 
0.398781 
0.440428 
0.533900 
0.953258 
0.788024 
0.788024 
0.407264 
0.675600 
0.354929 
0.742999 
0.415879 
0.415879 
0.867299 
0.878263 
0.986516 
0.743022 
0.891966 
0.969115 
0.969115 
0.969115 
0.968549 
0.968549 
0.384040 
0.637964 
0.654657 
0.649000 
0.619942 
0.651980 
0.994017 
0.332249 
0.332249 
0.174919 
0.128467 
0.665469 
0.966825 
0.644483 
0.216304 
0.772761 
0.432064 
0.432064 
0.357818 
0.933354 
0.933354 
0.933354 
0.933354 
0.899024 
0.899024 
0.899024 
0.170394 
0.377377 
0.780061 
0.747767 
0.340506 
0.340506 
0.460161 
0.686258 
0.979706 
0.282550 
0.648761 
0.486075 
0.486075 
0.486075 
0.859550 
0.925630 
0.577765 
0.577765 
0.577765 
0.577765 
0.922406 
0.922406 
0.381931 
0.869308 
0.869308 
0.900173 
0.663512 
0.576626 
0.602242 
0.815426 
0.464797 
0.464797 
0.347581 
0.253086 
0.587309 
0.822415 
0.822415 
0.486574 
0.667005 
0.667005 
0.391713 
0.567712 
0.567712 
0.567712 
0.692628 
0.461871 
0.461871 
0.545985 
0.545985 
0.599716 
0.664104 
0.623519 
0.056069 
0.182284 
0.746443 
0.746443 
0.584646 
0.154642 
0.664551 
0.578495 
0.686040 
0.909267 
0.909267 
0.783329 
0.419778 
0.425585 
0.576585 
0.916490 
0.345962 
0.345962 
0.602024 
0.465254 
0.363163 
0.567843 
0.567843 
0.567843 
0.868168 
0.978768 
0.639002 
0.895864 
0.838706 
0.838706 
0.554999 
0.554999 
0.554999 
0.649108 
0.887656 
0.977935 
0.977935 
0.977935 
0.307444 
0.901724 
0.901724 
0.901724 
0.074035 
0.715035 
0.715035 
0.536526 
0.767247 
0.374541 
0.270240 
0.270240 
0.555884 
0.342326 
0.430256 
0.782507 
0.924735 
0.620898 
0.254993 
0.145361 
0.374533 
0.425240 
0.744898 
0.960242 
0.966577 
0.966577 
0.344948 
0.663789 
0.557862 
0.511203 
0.275419 
0.550809 
0.405403 
0.211698 
0.896322 
0.917965 
0.999462 
0.999462 
0.978015 
0.978015 
0.960956 
0.960956 
0.960956 
0.960956 
0.960956 
0.960956 
0.960956 
0.960956 
0.403422 
0.269277 
0.812489 
0.777284 
0.843142 
0.853688 
0.853688 
0.838647 
0.838647 
0.683956 
0.879049 
0.879049 
0.184495 
0.465229 
0.395424 
0.251858 
0.804184 
0.804184 
0.035142 
0.921315 
0.921315 
0.978842 
0.230801 
0.534848 
0.580504 
0.798334 
0.798334 
0.798334 
0.970308 
0.970308 
0.970141 
0.970141 
0.932338 
0.709352 
0.709352 
0.267440 
0.770864 
0.770864 
0.422364 
0.519878 
0.584614 
0.485667 
0.948991 
0.948991 
0.947988 
0.067961 
0.943646 
0.929839 
0.857995 
0.801918 
0.801918 
0.874200 
0.367540 
0.367540 
0.890275 
0.890275 
0.890275 
0.890275 
0.890275 
0.527262 
0.527262 
0.527262 
0.302617 
0.302617 
0.755376 
0.755376 
0.818723 
0.818723 
0.516064 
0.584791 
0.558400 
0.321016 
0.470437 
0.997141 
0.997141 
0.997141 
0.553571 
0.375138 
0.634844 
0.973677 
0.973677 
0.973677 
0.819074 
0.556022 
0.556022 
0.556022 
0.159402 
0.447850 
0.373022 
0.289248 
0.428617 
0.825152 
0.772097 
0.142467 
0.142467 
0.765831 
0.765831 
0.497102 
0.720046 
0.720046 
0.720046 
0.597060 
0.840238 
0.325737 
0.257600 
0.157452 
0.967232 
0.967232 
0.967232 
0.673475 
0.514596 
0.656703 
0.656703 
0.551816 
0.950974 
0.485597 
0.944565 
0.915075 
0.915075 
0.250038 
0.112254 
0.148635 
0.968621 
0.973865 
0.586226 
0.604203 
0.784876 
0.644019 
0.644019 
0.937881 
0.937881 
0.509993 
0.605193 
0.429107 
0.299422 
0.046565 
0.086323 
0.688136 
0.688136 
0.688136 
0.888239 
0.888239 
0.888239 
0.888239 
0.888239 
0.888239 
0.955105 
0.955105 
0.547132 
0.547132 
0.547132 
0.804024 
0.804024 
0.804024 
0.561422 
0.561422 
0.096916 
0.218638 
0.250602 
0.227601 
0.814511 
0.814511 
0.470567 
0.518102 
0.407022 
0.803570 
0.803570 
0.440475 
0.297065 
0.526446 
0.433550 
0.517721 
0.206717 
0.206717 
0.143773 
0.532728 
0.070194 
0.101649 
0.562952 
0.774871 
0.941677 
0.941677 
0.644590 
0.644590 
0.748326 
0.755600 
0.174759 
0.416947 
0.468067 
0.550687 
0.550687 
0.503488 
0.717135 
0.668946 
0.668946 
0.668946 
0.668946 
0.668946 
0.641918 
0.641918 
0.641918 
0.689042 
0.689042 
0.210720 
0.327853 
0.642129 
0.116884 
0.609066 
0.715269 
0.715269 
0.121664 
0.481291 
0.481291 
0.481291 
0.771010 
0.771010 
0.977347 
0.608897 
0.170653 
0.914151 
0.914151 
0.878848 
0.218861 
0.878473 
0.833784 
0.601938 
0.531323 
0.531323 
0.647027 
0.253421 
0.874730 
0.591987 
0.612571 
0.612571 
0.726505 
0.726505 
0.257106 
0.614068 
0.614068 
0.614068 
0.614068 
0.472334 
0.871054 
0.474607 
0.474607 
0.574654 
0.574654 
0.759356 
0.400398 
0.400398 
0.501184 
0.107400 
0.735957 
0.732602 
0.966773 
0.438076 
0.438076 
0.729751 
0.729751 
0.729751 
0.549506 
0.189314 
0.968816 
0.968816 
0.531064 
0.731315 
0.894077 
0.994010 
0.662228 
0.965427 
0.754487 
0.754487 
0.754487 
0.344073 
0.596653 
0.596653 
0.596653 
0.300409 
0.300409 
0.687904 
0.779915 
0.795360 
0.795360 
0.714663 
0.986068 
0.493011 
0.643626 
0.643626 
0.404495 
0.241138 
0.530622 
0.862618 
0.408551 
0.668008 
0.668008 
0.880997 
0.595582 
0.976212 
0.976212 
0.976212 
0.976212 
0.397883 
0.397883 
0.872646 
0.386419 
0.594760 
0.366041 
0.221567 
0.282488 
0.522553 
0.522553 
0.522553 
0.631798 
0.631798 
0.631798 
0.575754 
0.344404 
0.197031 
