0.277737 
1.314821 
5.952044 
4.352603 
4.352603 
4.428620 
3.878340 
2.364908 
2.412889 
0.682543 
2.296338 
4.965643 
4.965643 
4.965643 
8.211734 
7.397043 
7.397043 
6.600045 
8.976555 
8.113040 
8.113040 
8.187219 
8.187219 
8.187219 
8.932809 
12.638222 
12.638222 
12.638222 
12.604995 
12.604995 
12.604995 
12.604995 
13.244805 
8.186661 
8.171616 
8.171616 
6.209665 
4.105241 
4.166311 
1.170017 
2.487832 
2.487832 
2.830844 
1.978109 
1.978109 
1.978109 
6.355789 
8.076630 
7.480730 
7.191459 
1.951703 
1.951703 
1.768026 
1.489860 
1.358273 
1.358273 
1.871443 
2.186608 
0.778781 
3.927230 
1.025168 
1.595598 
0.662258 
1.815677 
1.786631 
1.786631 
2.835416 
2.835416 
3.911981 
1.510116 
3.920885 
3.920885 
2.596764 
1.632877 
1.846224 
1.301969 
3.158750 
3.158750 
0.996204 
2.434885 
2.434885 
0.639308 
1.163392 
5.477222 
5.477222 
3.942859 
3.942859 
4.180773 
5.748784 
4.752474 
4.752474 
4.773264 
4.773264 
3.405923 
5.593390 
6.371661 
4.870215 
4.870215 
1.725787 
1.631012 
7.085958 
3.919245 
4.321062 
4.321062 
1.986710 
1.986710 
0.411447 
0.956211 
0.956211 
0.923784 
6.726409 
5.409506 
5.409506 
1.922171 
3.761051 
3.761051 
3.761051 
0.679891 
0.251907 
3.434175 
2.390708 
4.010150 
2.057420 
3.465545 
5.672027 
4.221361 
4.444968 
7.349041 
7.349041 
5.808510 
1.831883 
1.831883 
3.692475 
3.692475 
2.029745 
4.245620 
1.802142 
4.474619 
4.433550 
5.104591 
3.452432 
2.421768 
3.835195 
8.087152 
7.998306 
5.373395 
5.373395 
3.350447 
3.044066 
4.775693 
4.437286 
4.437286 
6.037474 
2.953540 
2.953540 
1.175485 
2.303721 
1.960265 
5.024212 
5.024212 
5.024212 
9.902188 
9.902188 
9.902188 
9.902188 
12.274080 
12.274080 
13.217467 
13.217467 
15.213001 
15.213001 
15.705541 
15.632054 
15.632054 
15.924990 
15.924990 
15.924990 
15.188956 
10.835486 
11.835891 
9.103534 
10.768388 
11.603489 
8.603156 
7.731461 
6.054465 
6.437946 
1.714079 
1.516301 
3.641523 
2.463603 
2.463603 
2.463603 
2.695767 
2.422605 
6.757792 
6.757792 
2.487209 
1.619581 
4.670723 
4.432765 
5.126606 
6.829674 
9.251941 
5.358650 
7.335184 
6.306546 
1.376541 
1.376541 
3.375755 
4.097480 
4.097480 
4.097480 
4.097480 
4.097480 
6.267613 
3.190842 
4.588118 
2.999598 
3.450995 
3.450995 
1.997817 
1.997817 
1.997817 
0.551454 
2.912154 
4.043597 
4.294167 
5.153486 
5.153486 
2.246644 
1.609225 
1.593679 
1.593679 
2.322899 
2.322899 
4.207024 
4.806528 
4.806528 
0.951318 
2.028378 
2.076343 
1.189961 
1.189961 
1.189961 
3.348063 
3.891562 
2.407949 
2.407949 
3.368868 
3.176634 
3.610446 
3.610446 
0.921428 
1.206989 
4.247292 
4.247292 
2.718873 
2.718873 
3.222176 
3.222176 
5.956482 
5.956482 
4.710843 
5.185614 
6.678952 
8.127960 
8.747778 
6.994925 
6.994925 
4.006826 
7.868191 
7.868191 
4.319399 
6.639558 
1.283847 
0.478117 
0.664949 
2.733578 
0.314042 
3.255753 
3.255753 
5.367768 
7.307728 
3.339287 
2.698955 
5.393965 
5.393965 
5.089220 
5.089220 
5.089220 
1.403622 
1.403622 
7.750803 
7.750803 
8.408136 
2.571036 
1.069188 
1.692483 
9.676387 
9.676387 
8.716743 
10.366192 
10.366192 
10.366192 
10.366192 
7.328193 
6.357951 
6.357951 
5.518346 
5.462690 
3.517260 
1.641889 
1.641889 
0.947958 
3.772063 
2.294046 
2.221963 
5.131426 
8.731867 
9.443339 
7.632164 
7.632164 
7.986194 
8.122225 
2.261068 
2.261068 
1.817569 
2.123552 
1.415035 
4.951319 
5.979562 
3.421821 
4.368563 
4.854706 
4.854706 
5.505524 
8.576528 
10.359270 
10.359270 
10.538298 
8.103399 
8.103399 
8.828074 
4.439238 
0.917263 
1.854821 
4.051198 
2.094501 
3.216994 
3.174616 
3.174616 
3.174616 
3.174616 
1.878612 
1.878612 
3.640722 
2.959755 
3.032816 
5.535826 
4.655139 
4.655139 
6.308026 
5.214756 
5.214756 
5.214756 
5.079205 
7.812161 
7.835394 
6.067834 
2.950312 
2.950312 
2.108255 
2.431508 
2.431508 
3.009590 
3.009590 
2.665662 
1.925198 
1.925198 
2.710716 
3.346355 
2.204954 
3.234262 
3.234262 
3.186924 
1.909136 
4.743000 
4.283053 
4.283053 
0.608113 
3.477789 
2.361584 
3.985185 
3.148530 
5.773537 
1.088482 
3.535850 
2.784513 
4.088081 
2.311696 
3.710153 
6.207655 
6.750059 
10.857465 
10.491734 
10.916551 
10.399304 
10.399304 
8.058738 
3.224748 
3.224748 
3.337840 
4.689602 
4.689602 
6.891977 
4.382630 
5.550840 
5.550840 
5.056773 
4.501599 
5.948619 
6.953739 
4.876581 
0.321459 
2.513247 
2.513247 
2.864979 
2.864979 
1.308498 
3.456388 
2.740219 
5.355091 
5.355091 
9.310647 
8.564578 
4.450196 
5.185201 
5.185201 
2.079833 
3.251001 
3.251001 
0.246660 
4.255500 
3.925763 
1.850980 
0.264656 
2.635791 
1.938493 
1.444958 
1.444958 
3.160271 
3.004742 
4.725038 
4.822961 
4.822961 
3.986625 
3.986625 
3.379905 
4.121465 
3.011511 
3.751308 
3.751308 
3.618829 
1.022365 
2.574371 
2.574371 
2.948867 
2.948867 
2.948867 
3.463916 
3.463916 
4.642074 
5.170958 
5.170958 
4.004537 
4.004537 
3.041657 
3.720096 
3.720096 
6.101945 
0.557941 
2.961900 
0.415644 
2.494005 
3.873673 
1.151216 
1.849690 
1.849690 
1.512301 
2.556617 
1.227445 
1.915011 
2.045169 
2.045169 
2.642435 
4.306264 
2.331214 
2.331214 
2.257011 
1.938475 
1.183381 
1.183381 
1.317171 
1.317171 
1.200720 
1.969866 
1.969866 
1.969866 
1.969866 
1.969866 
4.570828 
4.570828 
3.413575 
0.857640 
2.911124 
5.614126 
6.439505 
5.974107 
1.146329 
1.934558 
1.253167 
7.395341 
7.135519 
5.336778 
9.013336 
9.502999 
9.502999 
5.039649 
6.812176 
6.812176 
6.992126 
6.078028 
4.613229 
6.239500 
6.239500 
6.239500 
6.853519 
2.387180 
2.387180 
2.387180 
0.751754 
3.684256 
3.684256 
2.898226 
7.035237 
3.395181 
4.299379 
4.067233 
5.197680 
4.986006 
2.215695 
5.424916 
5.424916 
4.744872 
1.624033 
4.307933 
1.673769 
1.673769 
1.673769 
1.673769 
1.673769 
1.669290 
3.546551 
1.033388 
1.328349 
1.328349 
1.020321 
0.261334 
4.008355 
2.757384 
4.025178 
2.683590 
2.683590 
3.251823 
3.251823 
1.561937 
0.944441 
1.575313 
1.575313 
0.439593 
3.526998 
3.526998 
4.672768 
5.241344 
3.947019 
1.545102 
1.545102 
4.190631 
4.381938 
3.179338 
3.179338 
3.179338 
3.179338 
3.426576 
2.304186 
2.304186 
2.304186 
2.304186 
0.758961 
2.432300 
2.516169 
3.210594 
3.153338 
3.349070 
1.184119 
3.328171 
3.564066 
7.770754 
3.382438 
3.382438 
3.382438 
3.382438 
3.788673 
2.433715 
2.433715 
2.433715 
1.063617 
0.673642 
0.673642 
1.211664 
2.231055 
3.558605 
2.631700 
1.557875 
1.786246 
1.442080 
1.943546 
5.124708 
5.124708 
1.975566 
4.246193 
2.894119 
2.894119 
5.812532 
2.875931 
2.875931 
4.218673 
5.832407 
5.061992 
3.356068 
2.588951 
2.829569 
3.308254 
3.308254 
2.331567 
6.076673 
3.222212 
0.021929 
1.136626 
3.036014 
3.036014 
4.067083 
4.067083 
4.067083 
1.342324 
3.917588 
4.204278 
3.573663 
3.573663 
0.699292 
0.764012 
2.584418 
2.986459 
5.037943 
3.844546 
3.131115 
3.818170 
3.006251 
4.180921 
4.289694 
6.050277 
7.461875 
6.913666 
9.010516 
7.733888 
8.011604 
8.521849 
2.805557 
5.665941 
3.553807 
2.929739 
3.325956 
4.106757 
3.291145 
3.291145 
4.553864 
0.728385 
0.324372 
4.082008 
4.364835 
4.816737 
4.816737 
4.816737 
3.431113 
3.431113 
0.600610 
0.505750 
0.568269 
2.606308 
3.221781 
0.954262 
0.954262 
2.078333 
4.583533 
4.583533 
4.583533 
2.195501 
3.015805 
0.802353 
0.845828 
2.325556 
2.722547 
1.553469 
1.488782 
2.154270 
2.154270 
6.103077 
7.249186 
4.517316 
4.517316 
4.517316 
0.384828 
4.478934 
7.723982 
5.920088 
5.335148 
4.206677 
2.525403 
4.276674 
5.390589 
5.271179 
5.271179 
7.154458 
7.286169 
7.286169 
6.482398 
7.491510 
7.491510 
7.530357 
7.530357 
8.343302 
9.440105 
8.213713 
8.364622 
6.827969 
7.466421 
7.466421 
7.146711 
4.294270 
5.369785 
5.369785 
5.369785 
6.183111 
4.669856 
0.621547 
7.670003 
4.569878 
4.822479 
4.635664 
1.394799 
3.419361 
3.419361 
0.883226 
2.793462 
1.090850 
3.425884 
2.462274 
4.621362 
2.817981 
3.536948 
1.996211 
2.158717 
0.917149 
3.292804 
4.043453 
2.453274 
2.453274 
2.453274 
2.950446 
2.059669 
1.270590 
1.056823 
1.056823 
3.326861 
4.842953 
4.842953 
0.453137 
1.846277 
1.004163 
1.745570 
2.747967 
2.747967 
3.932963 
3.287347 
3.767993 
3.326854 
4.630287 
4.858042 
3.940902 
3.329943 
6.169108 
1.976837 
1.080107 
2.655970 
1.386721 
2.512879 
2.512879 
2.512879 
5.641636 
4.349182 
6.255295 
3.609331 
1.699238 
4.580493 
0.709368 
2.606351 
2.606351 
8.354108 
4.141992 
4.141992 
4.141992 
8.742624 
10.065599 
10.065599 
9.135750 
9.198888 
6.022050 
8.152886 
6.418768 
5.893266 
3.694632 
3.694632 
3.891370 
3.309395 
2.529555 
2.669502 
2.669502 
2.669502 
2.669502 
3.612219 
3.706543 
3.706543 
2.335031 
2.335031 
1.569274 
1.816719 
0.689260 
5.300079 
1.003625 
2.586170 
1.677255 
1.847917 
1.905653 
4.836710 
4.836710 
4.279897 
1.556384 
6.645366 
7.356781 
6.641715 
6.641715 
6.673062 
5.791280 
5.791280 
7.005647 
7.005647 
2.864418 
6.577460 
6.577460 
6.577460 
6.042862 
6.042862 
7.632624 
9.618903 
9.618903 
5.770850 
6.613244 
4.132916 
4.132916 
4.132916 
6.147955 
6.125748 
6.293129 
1.618834 
1.456006 
4.459923 
5.828251 
4.182369 
7.674966 
5.747234 
5.747234 
5.747234 
5.747234 
6.914479 
6.914479 
8.006830 
8.282992 
7.752490 
7.752490 
5.450598 
4.950601 
2.420645 
1.439282 
2.415272 
4.194891 
0.030900 
4.049542 
9.091116 
8.159133 
8.159133 
8.714085 
6.051283 
3.426497 
3.426497 
3.426497 
3.426497 
3.426497 
8.283198 
4.756243 
5.240675 
3.941632 
1.315811 
5.192541 
12.749338 
12.749338 
12.749338 
9.232908 
8.284275 
8.284275 
13.358278 
11.533655 
10.789540 
11.926769 
13.431281 
13.960825 
14.753582 
18.466614 
14.378845 
11.239334 
10.988898 
10.988898 
8.244970 
8.244970 
4.468542 
1.514725 
1.514725 
3.356150 
2.773419 
5.591401 
5.591401 
5.421675 
5.126735 
3.456230 
2.404065 
2.404065 
1.530701 
2.315396 
2.315396 
3.045237 
3.261942 
3.479256 
3.479256 
6.535671 
6.490319 
7.584664 
6.354010 
6.354010 
6.354010 
4.245814 
3.781056 
4.669965 
4.669965 
4.669965 
4.669965 
2.053898 
2.368944 
1.549496 
1.239539 
1.239539 
5.652242 
5.652242 
5.244913 
5.547899 
4.141562 
2.976544 
0.241454 
2.921461 
2.921461 
2.338786 
4.075095 
4.758890 
1.907741 
2.808500 
2.808500 
3.287169 
5.796796 
5.796796 
5.796796 
5.959971 
5.751196 
5.764404 
2.359047 
2.359047 
1.835157 
1.835157 
1.835157 
2.000608 
1.694054 
1.619129 
7.014255 
8.194128 
2.311290 
0.711147 
3.881944 
4.015313 
8.677999 
3.597810 
1.132275 
2.438814 
2.777641 
2.777641 
2.777641 
2.777641 
2.261498 
1.749996 
1.600148 
0.711443 
0.711443 
0.711443 
1.332371 
0.849901 
0.334149 
1.168261 
4.387546 
4.387546 
3.533064 
1.651115 
3.870559 
1.504382 
1.710377 
2.640783 
1.438034 
1.438034 
3.169649 
1.791131 
3.542275 
3.193763 
5.889740 
3.522963 
3.522963 
5.780061 
6.210533 
6.258322 
6.258322 
7.333476 
5.267376 
5.267376 
3.852135 
2.555624 
2.555624 
4.437160 
2.039382 
4.354180 
1.325729 
3.404430 
8.818470 
5.501213 
5.501213 
1.942988 
1.942988 
1.130598 
2.981871 
7.476329 
7.090220 
3.897652 
3.737455 
1.783547 
1.783547 
1.361091 
4.256998 
2.847730 
5.268824 
5.813220 
3.274820 
5.490804 
5.490804 
5.490804 
5.490804 
4.449939 
6.208522 
4.718106 
3.205580 
1.813341 
2.092828 
1.299093 
1.299093 
2.060919 
2.060919 
6.262042 
8.263351 
8.263351 
5.148405 
1.000703 
1.216084 
1.216084 
1.739894 
3.932324 
3.932324 
0.585723 
2.917045 
2.261770 
1.628509 
3.750096 
7.515907 
7.515907 
9.457389 
9.457389 
6.486754 
2.408960 
7.301637 
7.992390 
6.568394 
7.396540 
6.561414 
4.737418 
4.881002 
4.881002 
4.670304 
4.133856 
5.084357 
5.084357 
5.084357 
0.860597 
1.560143 
3.203678 
3.203678 
3.203678 
6.694096 
7.460098 
7.460098 
6.839565 
5.486128 
5.929015 
5.315183 
4.771506 
3.363743 
3.363743 
2.184159 
1.661134 
0.770717 
0.770717 
2.713401 
2.713401 
2.713401 
1.056433 
4.533228 
3.639973 
0.824934 
0.824934 
1.302261 
1.247633 
2.072719 
0.951343 
1.614345 
4.217715 
4.079245 
3.709082 
3.709082 
3.709082 
2.101986 
2.101986 
0.996600 
0.397475 
0.962587 
0.586558 
4.027238 
3.949035 
1.066215 
2.743844 
5.183074 
3.382336 
3.382336 
4.690684 
5.022811 
8.079612 
1.269901 
4.934207 
1.351199 
3.977585 
4.312320 
0.792121 
0.617903 
0.617903 
4.199287 
3.321122 
1.939356 
4.784213 
5.035318 
5.035318 
5.225045 
8.238111 
9.566856 
10.844417 
11.179326 
8.815518 
5.075254 
5.024176 
0.106448 
1.525380 
1.728688 
5.228007 
4.889896 
3.554600 
3.554600 
1.698516 
1.244842 
2.733657 
2.733657 
0.271252 
3.654539 
2.066051 
1.104537 
0.659134 
2.126941 
2.126941 
2.099036 
3.274440 
5.674269 
4.823115 
4.823115 
2.938134 
2.234503 
3.371920 
5.261966 
6.413808 
6.290370 
4.277704 
4.277704 
3.066251 
2.977417 
0.007227 
0.007227 
0.007227 
0.007227 
0.007227 
0.007227 
0.007227 
0.007227 
0.007227 
0.007227 
0.007227 
0.007227 
0.007227 
0.007227 
0.007227 
0.007227 
0.007227 
0.007227 
0.007227 
0.007227 
0.007227 
0.007227 
0.007227 
0.007227 
0.007227 
0.007227 
0.007227 
0.007227 
0.007227 
0.007227 
0.007227 
1.028941 
3.992612 
4.194752 
4.175781 
7.211280 
7.211280 
6.835096 
6.835096 
3.413179 
3.847870 
4.141002 
4.766237 
6.489264 
8.155315 
8.155315 
8.155315 
8.155315 
8.155315 
9.886714 
9.886714 
13.389613 
6.234852 
3.995329 
3.824811 
4.295747 
4.295747 
5.195112 
4.945655 
4.945655 
4.945655 
5.361572 
5.361572 
5.361572 
1.086746 
0.859950 
3.561976 
5.705578 
3.617557 
0.341313 
3.141886 
3.141886 
3.141886 
3.122225 
2.994107 
2.994107 
2.994107 
1.152776 
1.562684 
2.569302 
8.339859 
11.424589 
13.278654 
13.278654 
13.278654 
13.278654 
9.999032 
5.112067 
5.112067 
5.112067 
2.000783 
2.836975 
2.836975 
3.481231 
3.094287 
3.094287 
3.567389 
1.657755 
1.513689 
1.513689 
1.569221 
1.569221 
1.724548 
1.724548 
1.525706 
1.287209 
5.186736 
2.748677 
2.748677 
2.545410 
0.270106 
0.523707 
0.991980 
0.857533 
4.859733 
5.429822 
5.429822 
6.155413 
3.683812 
2.209685 
2.209685 
2.204687 
2.204687 
2.204687 
2.380412 
2.380412 
3.874333 
2.141094 
4.438245 
5.748797 
8.499951 
7.156583 
6.473878 
3.450225 
3.450225 
3.450225 
2.347330 
7.325428 
6.437777 
6.437777 
3.698941 
3.208127 
3.208127 
5.713889 
4.955194 
2.252778 
4.145484 
1.278711 
1.553140 
1.421214 
1.421214 
3.574669 
5.434596 
5.434596 
2.337025 
3.752839 
6.799747 
5.444294 
5.444294 
0.081524 
0.235072 
2.963096 
2.159884 
3.884573 
6.747712 
6.747712 
6.747712 
9.993810 
10.115917 
10.694083 
12.360069 
13.372295 
12.307323 
12.307323 
8.866749 
8.226092 
8.226092 
8.226092 
5.636363 
2.380493 
2.071213 
6.590549 
7.576167 
3.994100 
3.994100 
5.540432 
7.846438 
10.032191 
10.311832 
10.866198 
10.405100 
3.132532 
3.132532 
2.761927 
2.761927 
2.022649 
2.022649 
2.915402 
2.918950 
1.698415 
1.698415 
1.668389 
2.489370 
4.864402 
4.280286 
3.895677 
4.122352 
3.983747 
3.149895 
3.619048 
2.515787 
1.296724 
2.877181 
3.172031 
3.172031 
3.885675 
1.060931 
1.060931 
1.060931 
4.775222 
7.027777 
7.027777 
4.969511 
6.553621 
7.679146 
7.679146 
6.561471 
5.766977 
1.845532 
0.703876 
2.504712 
1.851332 
2.056270 
2.785121 
2.785121 
1.275715 
0.767284 
0.767284 
3.374002 
2.626299 
2.626299 
1.591399 
1.285939 
1.285939 
2.127770 
1.330871 
4.027958 
4.027958 
4.027958 
4.652051 
3.567427 
3.567427 
4.714681 
4.589038 
3.807159 
3.807159 
1.042523 
2.312044 
2.312044 
3.018660 
3.018660 
3.018660 
3.018660 
1.670976 
1.670976 
1.670976 
2.703253 
3.458280 
3.178935 
5.328190 
4.840650 
4.840650 
4.887522 
1.886998 
3.914438 
3.914438 
3.382162 
1.527272 
6.046877 
1.861176 
1.421694 
1.421694 
6.470348 
4.600472 
7.315636 
3.362139 
2.205324 
3.604939 
3.393173 
1.513983 
0.501339 
1.819174 
4.298400 
4.473286 
1.038244 
3.906436 
6.194199 
6.194199 
7.901766 
1.479694 
3.929494 
2.061150 
1.971276 
1.971276 
3.826153 
5.009986 
5.997664 
5.997664 
5.997664 
4.703531 
4.866969 
4.866969 
2.553067 
5.950932 
5.950932 
5.876374 
5.876374 
2.542661 
0.413764 
2.897298 
3.485016 
3.485016 
2.321444 
0.564487 
0.499616 
0.702980 
4.410666 
3.592863 
7.163248 
4.087680 
6.542588 
1.916524 
2.633082 
2.607926 
2.607926 
2.607926 
2.529899 
2.529899 
2.952316 
4.173612 
1.337053 
1.337053 
0.998401 
1.692942 
2.470662 
1.291494 
0.071755 
4.516056 
1.734061 
3.896636 
4.228823 
2.728325 
2.728325 
3.148470 
5.146348 
7.191841 
4.055309 
0.014368 
0.810382 
2.602495 
3.436411 
4.117745 
4.117745 
6.238929 
6.811354 
6.811354 
7.794715 
7.770711 
7.770711 
7.770711 
6.735561 
8.819858 
8.819858 
6.229818 
6.229818 
6.229818 
12.593381 
14.053598 
14.053598 
14.053598 
14.053598 
13.861672 
14.301246 
13.517321 
13.517321 
13.517321 
13.517321 
11.312923 
7.853938 
3.997029 
3.188914 
4.977426 
4.977426 
4.977426 
5.709246 
1.232929 
3.479289 
1.599475 
1.374230 
5.455826 
7.381194 
6.711071 
2.936392 
0.378377 
0.864190 
0.864190 
0.875434 
0.875434 
5.227131 
5.227131 
5.227131 
5.227131 
2.133746 
2.133746 
2.133746 
5.239570 
4.091205 
2.056494 
2.056494 
3.717068 
2.102306 
2.102306 
3.016442 
3.016442 
7.223476 
3.151064 
1.919918 
1.919918 
1.380576 
1.688226 
2.318828 
5.065519 
5.065519 
3.689312 
3.115166 
5.735252 
4.589189 
2.687558 
5.544422 
9.058734 
2.551931 
2.551931 
2.551931 
2.551931 
2.958077 
5.842228 
5.842228 
5.842228 
5.378190 
5.573487 
1.555564 
3.808226 
1.478252 
0.933477 
2.962958 
2.962958 
4.645576 
2.910873 
3.344562 
3.344562 
4.985529 
5.288934 
3.131057 
4.711012 
4.711012 
3.679738 
4.815550 
4.815550 
4.373710 
5.366184 
5.366184 
4.891954 
3.082790 
1.921263 
3.541993 
3.708330 
3.397847 
1.177228 
5.408592 
4.328098 
1.763365 
2.183790 
1.151119 
2.158044 
1.365292 
1.753553 
4.865074 
4.865074 
5.585895 
2.220404 
1.963194 
1.963194 
3.946458 
3.440250 
3.440250 
3.007183 
1.202604 
1.945201 
3.874743 
2.949988 
2.205304 
0.764192 
0.764192 
1.516826 
1.077313 
2.715823 
0.673303 
3.173255 
3.940454 
4.202826 
2.199800 
2.199800 
1.603831 
2.963150 
2.963150 
2.963150 
2.049303 
2.049303 
0.642500 
0.642500 
0.642500 
4.901655 
4.901655 
4.488839 
4.488839 
1.355013 
1.355013 
3.114460 
4.817263 
5.006405 
5.006405 
10.391810 
7.469666 
6.299071 
5.592178 
5.776350 
5.744017 
4.849351 
4.849351 
4.849351 
5.335136 
5.335136 
3.116795 
3.457693 
3.457693 
3.096327 
2.522317 
2.522317 
1.661767 
7.840500 
6.835296 
2.776363 
3.267917 
3.267917 
4.283553 
4.283553 
5.309805 
5.075503 
5.075503 
5.985031 
3.844956 
3.844956 
5.065929 
5.474244 
1.931933 
6.089859 
8.042911 
2.263829 
5.352021 
3.630528 
2.086224 
2.005744 
3.799797 
1.662220 
3.676373 
3.676373 
4.975739 
7.175203 
11.441718 
11.441718 
11.441718 
11.441718 
10.733742 
8.520473 
8.520473 
8.520473 
8.494650 
8.494650 
1.331282 
3.440386 
4.609198 
4.609198 
4.609198 
5.067153 
6.230041 
6.230041 
2.535513 
2.422016 
4.574175 
3.638105 
3.638105 
0.914074 
4.465429 
2.481309 
3.101798 
2.002987 
2.002987 
2.002987 
1.817440 
1.341140 
1.789035 
1.789035 
3.908337 
3.822587 
3.822587 
3.822587 
3.049184 
3.049184 
3.049184 
3.049184 
2.430987 
2.826492 
1.636737 
1.887576 
1.942813 
4.355538 
2.798798 
2.798798 
4.930755 
4.930755 
4.127838 
0.831412 
2.266248 
1.370281 
3.996204 
1.702228 
1.702228 
2.374394 
4.732575 
7.323159 
7.970039 
5.383549 
5.835104 
5.946652 
5.946652 
3.264875 
1.929786 
4.025092 
1.361344 
2.305343 
1.788201 
2.158127 
2.158127 
2.158127 
3.307099 
7.053668 
7.053668 
7.053668 
7.053668 
2.483701 
3.601665 
1.214185 
1.971893 
0.728663 
0.728663 
5.347977 
5.619005 
1.449588 
0.900295 
1.508450 
1.519247 
4.005858 
4.841465 
4.841465 
6.740546 
6.740546 
8.238878 
7.352020 
7.352020 
7.352020 
7.222462 
8.818698 
6.513308 
6.513308 
4.579941 
3.547795 
3.546854 
3.546854 
1.767556 
6.126579 
6.126579 
7.191985 
7.191985 
3.835727 
3.835727 
3.732752 
2.491578 
2.504284 
2.371055 
4.082890 
1.001497 
6.901914 
10.765376 
7.768724 
7.008850 
7.008850 
7.008850 
3.252609 
3.252609 
2.913760 
1.158301 
3.475557 
1.819021 
2.567476 
2.167063 
1.347346 
9.538290 
10.123476 
10.123476 
10.123476 
8.405002 
11.337056 
11.337056 
9.140985 
5.111905 
5.111905 
1.862660 
2.158776 
2.158776 
2.158776 
1.070074 
0.962328 
4.691493 
6.710249 
2.560200 
5.318321 
3.184222 
3.184222 
3.728182 
3.728182 
4.818515 
4.783852 
1.574324 
4.916664 
4.916664 
6.631486 
2.690393 
2.690393 
2.690393 
1.245321 
0.564067 
1.581521 
4.439448 
2.468256 
2.052651 
3.701352 
5.268950 
3.674390 
1.049205 
